WFWA,RRCA,WFWB,WTRB,MCRT,WLPI,QRHR,WRLB,TF,THA,LSGB,STTB,DWB,RRCB,MH2,RC87,LSGA,TSAT,WRLA,RRCO,LVCR,SCMB,STRB,RM2,RBLK,WLR,WSPY,QMGA,PRB,PWNT,TCA,WHPI,WCFT,TCRT,RHMT,HTR,DNBR,WLD,EBK,accident_timestamp,CNH2,TFSB,SCMA,NSGA,RHFL,HLW,TFPK,VOL,RC131,RM3,WRCA,RM4,SGLK,HUP,TIME,PWR,RHBR,THB,DTHY,MDBR,label,PPM,WCHG,WSTA,QFCL,WRCB,QMWT,PSGA,RHRD,P,RM1,STSG,FRCL,WUP,NSGB,WFLB,TCB,WBK,RH,MBK,MGAS,LWRB,PRBA,FRZR,VOID,TRB,WECS,LVPZ,TBLD,QMGB,WCSP,TSLP,TDBR,TAVG,TKLV,WSTB,WTRA,PSGB,accident_type,TPCT
1915.810302734375,1.0,3831.62060546875,0.0,0.0,0.0,0.0,0.0,788.9000244140625,327.823974609375,11.830000877380373,3.1392715754918754e-05,1.691944635240361e-05,1.0,0.0,5655.8173828125,11.830000877380373,344.9923095703125,0.0,1.0000001192092896,7.924896240234375,17.16908836364746,0.021269055083394,0.0220000017434358,0.6668071150779724,0.0,0.0,971.0827026367188,1.034000039100647,100.0,292.1760559082031,0.0,0.0,50.0,-0.0,0.0,2.300000190734864,23.700000762939453,0.0,1310.5,0.0,788.9000244140625,17.16834259033203,50.0,-0.0,1290.2734375,788.9000244140625,289.6449890136719,114276.53125,0.0329999960958957,16515.818359375,0.0439999997615814,0.0,2582.676025390625,0.0,100.0,-0.0,327.8232116699219,0.0001689466880634,0.0,0,200.0,23.700000762939453,1915.86474609375,0.0,33031.63671875,2895.0,67.00003051757812,0.0,155.50001525878906,0.0010999999940395,0.0,0.0,0.0,50.0,0.0,292.1767883300781,0.0,0.0,0.0,0.0,0.0999999940395355,0.9067617654800416,0.0,2.973992195620667e-06,50.0,23.700000762939453,62.0,100.0,1942.0826416015625,0.0,50.0,50.0,310.0,1600.0,3831.56591796875,0.0,67.00004577636719,Reactor Scram,549.4500122070312
1917.3016357421875,1.0,3834.582275390625,0.0,0.0,0.0,0.0,0.0,790.4913940429688,327.8082580566406,11.830069541931152,3.1392715754918754e-05,1.691944635240361e-05,1.0,0.0,5655.8173828125,11.830055236816406,344.9778747558594,0.0,1.0000001192092896,7.924896240234375,17.17044448852539,0.021269055083394,0.0220000017434358,14.002949714660645,0.0,0.0,970.938720703125,1.034000039100647,100.30370330810548,292.1593017578125,0.0,0.0,50.0,0.0019548044074326,8.083569563801886,2.29229736328125,23.700000762939453,0.0,1310.5,0.0,790.467529296875,17.169597625732422,49.93379974365234,-0.0025064393412321,1290.1939697265625,790.4913940429688,289.626220703125,114276.53125,0.0329999960958957,16515.818359375,0.0439999997615814,0.0,2582.7587890625,10.0,100.33602905273438,-0.0,327.80743408203125,0.0001689466880634,0.0,0,200.0,23.40960693359375,1915.8453369140625,0.0,33031.63671875,2904.72802734375,66.98776245117188,0.0,155.4730682373047,0.0010999999940395,0.0,0.0,0.0,49.93341445922852,0.0,292.1600646972656,0.0,-0.0005516348755918,0.0,0.0,0.0999999940395355,0.9067617654800416,0.0,2.7704809326678514e-06,50.0,23.40960693359375,61.952762603759766,100.0,1941.7861328125,0.0,50.0,50.0,309.9831848144531,1600.0,3831.58544921875,0.0,66.98779296875,Reactor Scram,550.23681640625
1916.946533203125,1.0,3833.864013671875,0.0,0.0,0.0,0.0,0.0,790.0368041992188,327.8124694824219,11.830388069152832,3.1392715754918754e-05,1.691944635240361e-05,1.0,0.0,5655.8173828125,11.830361366271973,344.97833251953125,0.0,1.0000001192092896,7.924896240234375,17.16671371459961,0.021269055083394,0.0220000017434358,27.339092254638672,0.0,0.0,970.97314453125,1.034000039100647,100.2861099243164,292.15509033203125,0.0,0.0,50.0,0.0022227463778108,7.808814787791006,2.294464349746704,23.700000762939453,0.0,1310.5,0.0,790.0698852539062,17.16586685180664,49.95634841918945,-0.0017903748666867,1290.1768798828125,790.0368041992188,289.626708984375,114276.53125,0.0329999960958957,16515.818359375,0.0439999997615814,0.0,2582.756103515625,20.0,100.24127197265624,-0.0,327.8116149902344,0.0001689466880634,0.0,0,200.0,24.16560935974121,1915.8458251953125,0.0,33031.63671875,2901.98486328125,66.98538208007812,0.0,155.47216796875,0.0010999999940395,0.0,0.0,0.0,49.95610809326172,0.0,292.1559143066406,0.0,0.0004323715693317,0.0,0.0,0.0999999940395355,0.9067617654800416,0.0,3.766910595004447e-06,50.0,24.16560935974121,61.95402145385742,100.0,1941.854248046875,0.0,50.0,50.0,309.9808959960937,1600.0,3831.585205078125,0.0,66.98542022705078,Reactor Scram,550.009033203125
1917.1365966796875,1.0,3834.2353515625,0.0,0.0,0.0,0.0,0.0,790.2469482421875,327.8130798339844,11.83073616027832,3.1392715754918754e-05,1.691944635240361e-05,1.0,0.0,5655.8173828125,11.83069896697998,344.9799499511719,0.0,1.0000001192092896,7.924896240234375,17.16769790649414,0.021269055083394,0.0220000017434358,40.67520904541016,0.0,0.0,971.158447265625,1.034000039100647,100.26274871826172,292.1517639160156,0.0,0.0,50.0,0.0019351021619513,6.921887769232641,2.2934696674346924,23.700000762939453,0.0,1310.5,0.0,790.2306518554688,17.166851043701172,49.95162963867188,-0.0021213837899267,1290.1708984375,790.2469482421875,289.6282958984375,114276.53125,0.0329999960958957,16515.818359375,0.0439999997615814,0.0,2582.7470703125,30.0,100.28474426269533,-0.0,327.8122253417969,0.0001689466880634,0.0,0,200.0,23.746627807617188,1915.845947265625,0.0,33031.63671875,2903.243408203125,66.98270416259766,0.0,155.47605895996094,0.0010999999940395,0.0,0.0,0.0,49.951507568359375,0.0,292.1526184082031,0.0,-0.00018628151156,0.0,0.0,0.0999999940395355,0.9067617654800416,0.0,-3.3774113035178743e-06,50.0,23.746627807617188,61.95793914794922,100.0,1942.224609375,0.0,50.0,50.0,309.9833679199219,1600.0,3831.585205078125,0.0,66.98273468017578,Reactor Scram,550.1151123046875
1917.1368408203125,1.0,3834.229736328125,0.0,0.0,0.0,0.0,0.0,790.2411499023438,327.8130798339844,11.831101417541504,3.1392715754918754e-05,1.691944635240361e-05,1.0,0.0,5655.8173828125,11.8310546875,344.9794921875,0.0,1.0000001192092896,7.924896240234375,17.16725730895996,0.021269055083394,0.0220000017434358,54.01131439208984,0.0,0.0,971.1051025390624,1.034000039100647,100.29653930664062,292.1505432128906,0.0,0.0,50.0,0.0021872844081372,7.167720645741161,2.293487071990967,23.700000762939453,0.0,1310.5,0.0,790.25048828125,17.16640853881836,49.95592498779297,-0.0021123047918081,1290.1641845703125,790.2411499023438,289.6269836425781,114276.53125,0.0329999960958957,16515.818359375,0.0439999997615814,0.0,2582.74951171875,40.0,100.2839813232422,-0.0,327.8122253417969,0.0001689466880634,0.0,0,200.0,23.879261016845703,1915.8427734375,0.0,33031.63671875,2903.22119140625,66.98192596435547,0.0,155.47508239746094,0.0010999999940395,0.0,0.0,0.0,49.955963134765625,0.0,292.1513977050781,0.0,7.497944170609117e-05,0.0,0.0,0.0999999940395355,0.9067617654800416,0.0,4.701952548202826e-06,50.0,23.879261016845703,61.9547233581543,100.0,1942.1177978515625,0.0,50.0,50.0,309.981201171875,1600.0,3831.58837890625,0.0,66.98196411132812,Reactor Scram,550.1111450195312
1917.0975341796875,1.0,3834.143310546875,0.0,0.0,0.0,0.0,0.0,790.2208862304688,327.8139953613281,11.831486701965332,3.1392715754918754e-05,1.691944635240361e-05,1.0,0.0,5655.8173828125,11.831430435180664,344.9811706542969,0.0,1.0000001192092896,7.924896240234375,17.16800308227539,0.021269055083394,0.0220000017434358,67.34744262695312,0.0,0.0,971.1558227539062,1.034000039100647,100.27487182617188,292.1501159667969,0.0,0.0,50.0,0.0020690753590315,6.247051830232804,2.2935891151428223,23.700000762939453,0.0,1310.5,0.0,790.2174682617188,17.167156219482422,49.96123123168945,-0.00208036811091,1290.1644287109375,790.2208862304688,289.6286315917969,114276.53125,0.0329999960958957,16515.818359375,0.0439999997615814,0.0,2582.739990234375,50.0,100.2795181274414,-0.0,327.8131408691406,0.0001689466880634,0.0,0,200.0,23.84517478942871,1915.84619140625,0.0,33031.63671875,2903.092041015625,66.98167419433594,0.0,155.4782257080078,0.0010999999940395,0.0,0.0,0.0,49.96137237548828,0.0,292.15093994140625,0.0,-1.1292693670839071e-05,0.0,0.0,0.0999999940395355,0.9067617654800416,0.0,7.201029461612052e-07,50.0,23.84517478942871,61.95880126953125,100.0,1942.218994140625,0.0,50.0,50.0,309.9822082519531,1600.0,3831.584716796875,0.0,66.98170471191406,Reactor Scram,550.1016235351562
1917.1007080078125,1.0,3834.143798828125,0.0,0.0,0.0,0.0,0.0,790.25634765625,327.8137512207031,11.83185577392578,3.1392715754918754e-05,1.691944635240361e-05,1.0,0.0,5655.8173828125,11.831793785095217,344.98162841796875,0.0,1.0000001192092896,7.924896240234375,17.16871452331543,0.021269055083394,0.0220000017434358,80.68362426757812,0.0,0.0,971.14501953125,1.034000039100647,100.2876968383789,292.1496276855469,0.0,0.0,50.0,0.0021242399234324,5.97711745463287,2.29341721534729,23.700000762939453,0.0,1310.5,0.0,790.2568359375,17.16786766052246,49.9639892578125,-0.00213623046875,1290.1627197265625,790.25634765625,289.6286315917969,114276.53125,0.0329999960958957,16515.818359375,0.0439999997615814,0.0,2582.7373046875,60.0,100.28704071044922,-0.0,327.8129272460937,0.0001689466880634,0.0,0,200.0,23.82280158996582,1915.8465576171875,0.0,33031.63671875,2903.309814453125,66.98136901855469,0.0,155.47926330566406,0.0010999999940395,0.0,0.0,0.0,49.96420669555664,0.0,292.1505126953125,0.0,-1.199066173285246e-05,0.0,0.0,0.0999999940395355,0.9067617654800416,0.0,2.4367168407479767e-06,50.0,23.82280158996582,61.95881271362305,100.0,1942.19677734375,0.0,50.0,50.0,309.9817199707031,1600.0,3831.584228515625,0.0,66.98139953613281,Reactor Scram,550.1190185546875
1917.038818359375,1.0,3834.009765625,0.0,0.0,0.0,0.0,0.0,790.2317504882812,327.8139953613281,11.832223892211914,3.1392715754918754e-05,1.691944635240361e-05,1.0,0.0,5655.8173828125,11.832154273986816,344.9826354980469,0.0,1.0000001192092896,7.924896240234375,17.16949462890625,0.021269055083394,0.0220000017434358,94.01980590820312,0.0,0.0,971.1456298828124,1.034000039100647,100.28272247314452,292.1498107910156,0.0,0.0,50.0,0.0021163593046367,5.4131477073049,2.2935352325439453,23.700000762939453,0.0,1310.5,0.0,790.2323608398438,17.16864776611328,49.969276428222656,-0.0020974578801542,1290.1629638671875,790.2317504882812,289.6294250488281,114276.53125,0.0329999960958957,16515.818359375,0.0439999997615814,0.0,2582.7314453125,70.0,100.28187561035156,-0.0,327.8131408691406,0.0001689466880634,0.0,0,200.0,23.8428955078125,1915.846923828125,0.0,33031.63671875,2903.160400390625,66.9814224243164,0.0,155.4811553955078,0.0010999999940395,0.0,0.0,0.0,49.96954727172852,0.0,292.15069580078125,0.0,1.890136627480388e-05,0.0,0.0,0.0999999940395355,0.9067617654800416,0.0,4.805015578313032e-06,50.0,23.8428955078125,61.960845947265625,100.0,1942.1973876953125,0.0,50.0,50.0,309.9818115234375,1600.0,3831.583984375,0.0,66.98146057128906,Reactor Scram,550.1068115234375
1917.0001220703125,1.0,3833.92529296875,0.0,0.0,0.0,0.0,0.0,790.2435302734375,327.81402587890625,11.832571983337402,3.1392715754918754e-05,1.691944635240361e-05,1.0,0.0,5655.8173828125,11.832497596740724,344.98345947265625,0.0,1.0000001192092896,7.924896240234375,17.17030906677246,0.021269055083394,0.0220000017434358,107.35598754882812,0.0,0.0,971.148681640625,1.034000039100647,100.2825164794922,292.1497802734375,0.0,0.0,50.0,0.0021005980670452,4.940762550005015,2.2934794425964355,23.700000762939453,0.0,1310.5,0.0,790.2421875,17.1694278717041,49.97284698486328,-0.0021160431206226,1290.163330078125,790.2435302734375,289.6300354003906,114276.53125,0.0329999960958957,16515.818359375,0.0439999997615814,0.0,2582.7265625,80.0,100.28431701660156,-0.0,327.8131408691406,0.0001689466880634,0.0,0,200.0,23.817413330078125,1915.843994140625,0.0,33031.63671875,2903.23095703125,66.98137664794922,0.0,155.4828338623047,0.0010999999940395,0.0,0.0,0.0,49.97314453125,0.0,292.150634765625,0.0,-1.5445228200405836e-05,0.0,0.0,0.0999999940395355,0.9067617654800416,0.0,2.3989114197320305e-06,50.0,23.817413330078125,61.96236038208008,100.0,1942.202880859375,0.0,50.0,50.0,309.98193359375,1600.0,3831.586669921875,0.0,66.98140716552734,Reactor Scram,550.1127319335938
1916.9342041015625,1.0,3833.7880859375,0.0,0.0,0.0,0.0,0.0,790.233642578125,327.8139953613281,11.832907676696776,3.1392715754918754e-05,1.691944635240361e-05,1.0,0.0,5655.8173828125,11.832828521728516,344.984130859375,0.0,1.0000001192092896,7.924896240234375,17.17105484008789,0.021269055083394,0.0220000017434358,120.69216918945312,0.0,0.0,971.1426391601562,1.034000039100647,100.28227996826172,292.1498718261719,0.0,0.0,50.0,0.0021005980670452,4.569602783555105,2.2935266494750977,23.700000762939453,0.0,1310.5,0.0,790.233642578125,17.17013931274414,49.97710418701172,-0.0021004485897719,1290.163818359375,790.233642578125,289.6304626464844,114276.53125,0.0329999960958957,16515.818359375,0.0439999997615814,0.0,2582.72265625,90.0,100.2822494506836,-0.0,327.8130798339844,0.0001689466880634,0.0,0,200.0,23.82782936096192,1915.8455810546875,0.0,33031.63671875,2903.171142578125,66.9814682006836,0.0,155.48410034179688,0.0010999999940395,0.0,0.0,0.0,49.97750473022461,0.0,292.1507873535156,0.0,1.493026502430439e-07,0.0,0.0,0.0999999940395355,0.9067617654800416,0.0,-2.055949607893126e-06,50.0,23.82782936096192,61.96344375610352,100.0,1942.188720703125,0.0,50.0,50.0,309.98193359375,1600.0,3831.58544921875,0.0,66.98149871826172,Reactor Scram,550.1077880859375
1916.871826171875,1.0,3833.65869140625,0.0,0.0,0.0,0.0,0.0,790.2339477539062,327.8139038085937,11.833221435546877,3.1392715754918754e-05,1.691944635240361e-05,1.0,0.0,5655.8173828125,11.833139419555664,344.9847717285156,0.0,1.0000001192092896,7.924896240234375,17.17176628112793,0.021269055083394,0.0220000017434358,134.02835083007812,0.0,0.0,971.1370849609376,1.034000039100647,100.2823486328125,292.14996337890625,0.0,0.0,50.0,0.0021005980670452,4.2080835664454295,2.293525457382202,23.700000762939453,0.0,1310.5,0.0,790.2339477539062,17.17088508605957,49.98075866699219,-0.0021008760668337,1290.164306640625,790.2339477539062,289.630859375,114276.53125,0.0329999960958957,16515.818359375,0.0439999997615814,0.0,2582.718994140625,100.0,100.28230285644533,-0.0,327.8130187988281,0.0001689466880634,0.0,0,200.0,23.82293510437012,1915.84423828125,0.0,33031.63671875,2903.172607421875,66.98149871826172,0.0,155.48538208007812,0.0010999999940395,0.0,0.0,0.0,49.98118209838867,0.0,292.1508483886719,0.0,-2.779997885227204e-07,0.0,0.0,0.0999999940395355,0.9067617654800416,0.0,-3.379032250450109e-06,50.0,23.82293510437012,61.96440887451172,100.0,1942.1796875,0.0,50.0,50.0,309.98193359375,1600.0,3831.586669921875,0.0,66.98153686523438,Reactor Scram,550.10791015625
1916.030517578125,1.0,3830.567626953125,81.76773834228516,0.0,0.0,0.0,0.0,789.9848022460938,327.8119201660156,11.838874816894531,0.1721081733703613,6.666392437182367e-05,1.0,0.0,5655.8173828125,11.833976745605469,344.8861083984375,0.0,1.0000001192092896,7.924896240234375,17.07492446899414,0.021269055083394,0.451623260974884,147.36453247070312,0.0,0.0,970.6385498046876,1.034000039100647,100.18390655517578,292.1587829589844,0.0,0.0,50.0,0.0012888319324702,59.37591378375069,2.2947466373443604,23.700000762939453,0.0,1310.5,0.0,789.9515380859375,17.07417869567871,49.968021392822266,-0.0017085571307688,1290.26953125,789.9848022460938,289.5025939941406,114276.53125,112.95489501953124,16515.818359375,0.0439999997615814,0.0,2583.285400390625,110.0,100.22893524169922,-0.0,327.8111877441406,0.0007704244344495,0.0,0,200.0,32.9271125793457,1912.474853515625,0.0,33031.63671875,2901.627685546875,66.99833679199219,0.0,155.26853942871094,0.0010999999940395,0.0,0.0,0.0,50.07490539550781,0.0,292.15948486328125,0.0,-0.0004197252856101,0.0,0.0,0.0999999940395355,0.9067617654800416,0.0,-4.922517746308586e-06,50.0,32.9271125793457,61.641746520996094,100.0,1941.1688232421875,0.0,50.0,50.0,309.9889221191406,1600.0,3834.95556640625,0.0,67.0051040649414,Reactor Scram,549.9866333007812
1915.1204833984373,1.0,3823.478515625,85.78942108154297,0.0,0.0,0.0,0.0,789.586669921875,327.7997131347656,11.850581169128418,0.533351480960846,0.0001710932701826,1.0,0.0,5655.8173828125,11.835371971130373,344.6048278808594,0.0,1.0000001192092896,7.924896240234375,16.80752182006836,0.021269055083394,1.3539751768112185,160.70071411132812,0.0,0.0,969.7061767578124,1.034000039100647,100.14800262451172,292.1796264648437,0.0,0.0,50.0,0.0011233111144974,216.60783900435604,2.296660661697388,23.700000762939453,0.0,1310.5,0.0,789.5885620117188,16.80511474609375,49.99232864379883,-0.00108146679122,1290.41015625,789.586669921875,289.13037109375,114276.53125,350.0136108398437,16515.818359375,0.0439999997615814,0.0,2584.895751953125,120.0,100.1454086303711,-0.0,327.7973327636719,0.0020332103595137,0.0,0,200.0,38.95124053955078,1911.813720703125,0.0,33031.63671875,2899.20947265625,67.02355194091797,0.0,154.71678161621094,0.0010999999940395,0.0,0.0,0.0,50.233665466308594,0.0,292.1820678710937,0.0,4.184438148513436e-05,0.0,0.0,0.0999999940395355,0.9067617654800416,0.0,2.9353400350373704e-06,50.0,38.95124053955078,60.70535659790039,100.0,1939.014892578125,0.0,50.0,50.0,309.9903564453125,1600.0,3835.616943359375,0.0,67.0320816040039,Reactor Scram,549.7885131835938
1914.630615234375,1.0,3816.907958984375,85.53299713134766,0.0,0.0,0.0,0.0,789.521484375,327.7908020019531,11.861051559448242,0.8934546709060669,0.0002751930733211,1.0,0.0,5655.8173828125,11.83641529083252,344.3422546386719,0.0,1.0000001192092896,7.924896240234375,16.5566349029541,0.021269055083394,2.2534899711608887,174.03689575195312,0.0,0.0,969.382080078125,1.034000039100647,100.12357330322266,292.19189453125,0.0,0.0,50.0,0.0009380794363096,314.99998519276,2.296980857849121,23.700000762939453,0.0,1310.5,0.0,789.5156860351562,16.55144691467285,50.00731658935547,-0.0009788208408281,1290.4832763671875,789.521484375,288.769287109375,114276.53125,586.3240966796875,16515.818359375,0.0439999997615814,0.0,2586.39404296875,130.0,100.1314468383789,-0.0,327.7856140136719,0.0032920101657509,0.0,0,200.0,41.83528518676758,1911.8057861328125,0.0,33031.63671875,2898.805419921875,67.03340911865234,0.0,154.20606994628906,0.0010999999940395,0.0,0.0,0.0,50.35958862304688,0.0,292.1969909667969,0.0,-4.074137541465461e-05,0.0,0.0,0.0999999940395355,0.9067617654800416,0.0,-1.993062369365361e-06,50.0,41.83528518676758,59.79691696166992,100.0,1938.0435791015625,0.0,50.0,50.0,309.991943359375,1600.0,3835.625,0.0,67.04255676269531,Reactor Scram,549.7567749023438
1914.2459716796875,1.0,3810.545166015625,85.32444763183594,0.0,0.0,0.0,0.0,789.5316162109375,327.7861022949219,11.870444297790527,1.2525551319122314,0.0003790029149968,1.0,0.0,5655.8173828125,11.837238311767578,344.12701416015625,0.0,1.0000001192092896,7.924896240234375,16.3491153717041,0.021269055083394,3.1504995822906494,187.37307739257807,0.0,0.0,969.22412109375,1.034000039100647,100.12956237792967,292.197021484375,0.0,0.0,50.0,0.0009459617431275,1176.9999527455907,2.296931743621826,23.700000762939453,0.0,1310.5,0.0,789.5286254882812,16.34090805053711,50.01652908325195,-0.0009947357466444,1290.523681640625,789.5316162109375,288.422119140625,114276.53125,821.9764404296875,16515.818359375,0.0439999997615814,0.0,2587.61865234375,140.0,100.1335906982422,-0.0,327.77789306640625,0.004547304008156,0.0,0,200.0,44.78857803344727,1911.8016357421875,0.0,33031.63671875,2898.867431640625,67.03704071044922,0.0,153.79351806640625,0.0010999999940395,0.0,0.0,0.0,50.46957778930664,0.0,292.2051696777344,0.0,-4.877403262071312e-05,0.0,0.0,0.0999999940395355,0.9067617654800416,0.0,-1.337410708401876e-06,50.0,44.78857803344727,58.92357635498047,100.0,1937.40087890625,0.0,50.0,50.0,309.99188232421875,1600.0,3835.62939453125,0.0,67.04682922363281,Reactor Scram,549.76171875
1913.9129638671875,1.0,3804.34814453125,85.15740966796875,0.0,0.0,0.0,0.0,789.567138671875,327.7832336425781,11.8788480758667,1.610905647277832,0.000482596020447,1.0,0.0,5655.8173828125,11.837918281555176,343.9541015625,0.0,1.0000001192092896,7.924896240234375,16.18201446533203,0.021269055083394,4.045636177062988,200.70925903320312,0.0,0.0,969.106689453125,1.034000039100647,100.152587890625,292.1986694335937,0.0,0.0,50.0,0.0011469572782516,1176.9999527455907,2.2967536449432373,23.700000762939453,0.0,1310.5,0.0,789.575439453125,16.17085838317871,50.02285003662109,-0.0010507049737498,1290.5452880859375,789.567138671875,288.08551025390625,114276.53125,1057.136962890625,16515.818359375,0.0439999997615814,0.0,2588.599853515625,150.0,100.14134979248048,-0.0,327.7720947265625,0.0057999775744974,0.0,0,200.0,47.60827255249024,1911.793212890625,0.0,33031.63671875,2899.092041015625,67.03809356689453,0.0,153.45697021484375,0.0010999999940395,0.0,0.0,0.0,50.566837310791016,0.0,292.209716796875,0.0,9.625227539800107e-05,0.0,0.0,0.0999999940395355,0.9067617654800416,0.0,2.670995399967069e-06,50.0,47.60827255249024,58.07676315307617,100.0,1936.83837890625,0.0,50.0,50.0,309.9901428222656,1600.0,3835.6376953125,0.0,67.04854583740234,Reactor Scram,549.7786865234375
1913.662841796875,1.0,3798.43212890625,85.00242614746094,0.0,0.0,0.0,0.0,789.669677734375,327.78125,11.88632583618164,1.968579649925232,0.0005859935772605,1.0,0.0,5655.8173828125,11.838501930236816,343.793212890625,0.0,1.0000001192092896,7.924896240234375,16.02606964111328,0.021269055083394,4.939083099365234,214.04544067382807,0.0,0.0,969.0782470703124,1.034000039100647,100.16676330566406,292.1983642578125,0.0,0.0,50.0,0.0012494226684793,1176.9999527455907,2.2962586879730225,23.700000762939453,0.0,1310.5,0.0,789.6725463867188,16.011962890625,50.02531051635742,-0.0012122039915993,1290.5611572265625,789.669677734375,287.76519775390625,114276.53125,1291.853271484375,16515.818359375,0.0439999997615814,0.0,2589.5107421875,160.0,100.1629409790039,-0.0,327.76715087890625,0.0070502869784832,0.0,0,200.0,50.17228317260742,1911.787109375,0.0,33031.63671875,2899.717041015625,67.03761291503906,0.0,153.1439971923828,0.0010999999940395,0.0,0.0,0.0,50.65034866333008,0.0,292.21240234375,0.0,3.721861867234111e-05,0.0,0.0,0.0999999940395355,0.9067617654800416,0.0,1.193181446978997e-06,50.0,50.17228317260742,57.270957946777344,100.0,1936.4609375,0.0,50.0,50.0,309.9892578125,1600.0,3835.64404296875,0.0,67.04873657226562,Reactor Scram,549.8295288085938
1913.4384765625,1.0,3792.734375,84.8575210571289,0.0,0.0,0.0,0.0,789.7713623046875,327.7796630859375,11.892915725708008,2.325624704360962,0.000689209322445,1.0,0.0,5655.8173828125,11.839008331298828,343.642822265625,0.0,1.0000001192092896,7.924896240234375,15.880126953125,0.021269055083394,5.830959320068359,227.38162231445312,0.0,0.0,969.0421752929688,1.034000039100647,100.19232940673828,292.1971435546875,0.0,0.0,50.0,0.0014346435200423,1176.9999527455907,2.295764446258545,23.700000762939453,0.0,1310.5,0.0,789.777099609375,15.863173484802246,50.02687454223633,-0.0013723145239055,1290.5723876953125,789.7713623046875,287.4591369628906,114276.53125,1526.1571044921875,16515.818359375,0.0439999997615814,0.0,2590.3603515625,170.0,100.18450164794922,-0.0,327.7626953125,0.0082983970642089,0.0,0,200.0,52.66155624389648,1911.780517578125,0.0,33031.63671875,2900.34130859375,67.03665161132812,0.0,152.85145568847656,0.0010999999940395,0.0,0.0,0.0,50.72340393066406,0.0,292.21417236328125,0.0,6.232905434444547e-05,0.0,0.0,0.0999999940395355,0.9067617654800416,0.0,-4.200596777081955e-06,50.0,52.66155624389648,56.500953674316406,100.0,1936.0760498046875,0.0,50.0,50.0,309.9876708984375,1600.0,3835.650390625,0.0,67.04844665527344,Reactor Scram,549.8795166015625
1913.226806640625,1.0,3787.266357421875,84.72298431396484,0.0,0.0,0.0,0.0,789.8626708984375,327.7784423828125,11.89866542816162,2.68208384513855,0.0007922556833364,1.0,0.0,5655.8173828125,11.839449882507324,343.5032958984375,0.0,1.0000001192092896,7.924896240234375,15.74469757080078,0.021269055083394,6.721371173858643,240.71780395507807,0.0,0.0,969.0275268554688,1.034000039100647,100.2103042602539,292.19586181640625,0.0,0.0,50.0,0.0015725698322057,1176.9999527455907,2.2953217029571533,23.700000762939453,0.0,1310.5,0.0,789.8674926757812,15.724861145019531,50.02814102172852,-0.0015161896590143,1290.582275390625,789.8626708984375,287.1675109863281,114276.53125,1760.076171875,16515.818359375,0.0439999997615814,0.0,2591.147216796875,180.0,100.20382690429688,-0.0,327.75860595703125,0.0095444591715931,0.0,0,200.0,55.03414916992188,1911.77587890625,0.0,33031.63671875,2900.90087890625,67.03553009033203,0.0,152.58009338378906,0.0010999999940395,0.0,0.0,0.0,50.787017822265625,0.0,292.2156982421875,0.0,5.6380173191428185e-05,0.0,0.0,0.0999999940395355,0.9067617654800416,0.0,-1.5286828158878057e-07,50.0,55.03414916992188,55.76732635498047,100.0,1935.743896484375,0.0,50.0,50.0,309.9864807128906,1600.0,3835.6552734375,0.0,67.04798889160156,Reactor Scram,549.9246215820312
1913.0458984375,1.0,3782.0986328125,84.59799194335938,0.0,0.0,0.0,0.0,789.9620971679688,327.7773132324219,11.90361213684082,3.037999153137207,0.0008951447089202,1.0,0.0,5655.8173828125,11.83983325958252,343.3738098144531,0.0,1.0000001192092896,7.924896240234375,15.61906623840332,0.021269055083394,7.610424041748047,254.05398559570312,0.0,0.0,969.0133056640624,1.034000039100647,100.23169708251952,292.1942749023437,0.0,0.0,50.0,0.0017301957122981,1176.9999527455907,2.294839859008789,23.700000762939453,0.0,1310.5,0.0,789.9671020507812,15.59648323059082,50.02839660644531,-0.0016727753682062,1290.590576171875,789.9620971679688,286.8890686035156,114276.53125,1993.6383056640625,16515.818359375,0.0439999997615814,0.0,2591.876220703125,190.0,100.22486877441406,-0.0,327.7547302246094,0.0107886167243123,0.0,0,200.0,57.29166793823242,1911.774169921875,0.0,33031.63671875,2901.510009765625,67.03429412841797,0.0,152.32830810546875,0.0010999999940395,0.0,0.0,0.0,50.840816497802734,0.0,292.21685791015625,0.0,5.742040229961276e-05,0.0,0.0,0.0999999940395355,0.9067617654800416,0.0,-1.171003873423615e-06,50.0,57.29166793823242,55.06684875488281,100.0,1935.4219970703125,0.0,50.0,50.0,309.985107421875,1600.0,3835.65673828125,0.0,67.04740142822266,Reactor Scram,549.9736328125
1912.875244140625,1.0,3777.218994140625,84.4826431274414,0.0,0.0,0.0,0.0,790.0503540039062,327.7764587402344,11.90780258178711,3.393409490585327,0.0009978878078982,1.0,0.0,5655.8173828125,11.840168952941896,343.249755859375,0.0,1.0000001192092896,7.924896240234375,15.49852180480957,0.021269055083394,8.498215675354004,267.3901672363281,0.0,0.0,969.0032958984376,1.034000039100647,100.24996185302734,292.1927490234375,0.0,0.0,50.0,0.0018681143410503,1176.9999527455907,2.29441237449646,23.700000762939453,0.0,1310.5,0.0,790.0551147460938,15.473294258117676,50.02854919433594,-0.0018117371946573,1290.597900390625,790.0503540039062,286.62359619140625,114276.53125,2226.869140625,16515.818359375,0.0439999997615814,0.0,2592.547119140625,200.0,100.24353790283205,-0.0,327.7512512207031,0.0120310140773653,0.0,0,200.0,59.44781112670898,1911.7711181640625,0.0,33031.63671875,2902.050537109375,67.03309631347656,0.0,152.0962677001953,0.0010999999940395,0.0,0.0,0.0,50.88621139526367,0.0,292.2178955078125,0.0,5.63772046007216e-05,0.0,0.0,0.0999999940395355,0.9067617654800416,0.0,4.699905275629135e-06,50.0,59.44781112670898,54.399044036865234,100.0,1935.12890625,0.0,50.0,50.0,309.98394775390625,1600.0,3835.659912109375,0.0,67.04683685302734,Reactor Scram,550.0171508789062
1912.72314453125,1.0,3772.66064453125,84.37651062011719,0.0,0.0,0.0,0.0,790.1358032226562,327.7754211425781,11.911283493041992,3.748355627059937,0.001100496854633,1.0,0.0,5655.8173828125,11.84045696258545,343.1335754394531,0.0,1.0000001192092896,7.924896240234375,15.38577651977539,0.021269055083394,9.384847640991213,280.7263488769531,0.0,0.0,968.9967041015624,1.034000039100647,100.26724243164062,292.1913757324219,0.0,0.0,50.0,0.0019981488585472,1176.9999527455907,2.29399847984314,23.700000762939453,0.0,1310.5,0.0,790.1399536132812,15.35817527770996,50.02828979492188,-0.0019463195931166,1290.6041259765625,790.1358032226562,286.3703308105469,114276.53125,2459.7958984375,16515.818359375,0.0439999997615814,0.0,2593.16259765625,210.0,100.2616195678711,-0.0,327.747802734375,0.0132717844098806,0.0,0,200.0,61.50763702392578,1911.7703857421875,0.0,33031.63671875,2902.573974609375,67.03193664550781,0.0,151.88304138183594,0.0010999999940395,0.0,0.0,0.0,50.923377990722656,0.0,292.21905517578125,0.0,5.182932363823056e-05,0.0,0.0,0.0999999940395355,0.9067617654800416,0.0,-1.0655461437636404e-06,50.0,61.50763702392578,53.7618408203125,100.0,1934.8544921875,0.0,50.0,50.0,309.9828186035156,1600.0,3835.660888671875,0.0,67.04627227783203,Reactor Scram,550.059326171875
1912.5926513671875,1.0,3768.444091796875,84.2791519165039,0.0,0.0,0.0,0.0,790.2227172851562,327.7746276855469,11.914105415344238,4.102874279022217,0.0012029821518808,1.0,0.0,5655.8173828125,11.840703010559082,343.0270690917969,0.0,1.0000001192092896,7.924896240234375,15.282389640808104,0.021269055083394,10.270413398742676,294.0625305175781,0.0,0.0,968.9912109375,1.034000039100647,100.28450012207033,292.18994140625,0.0,0.0,50.0,0.0021242399234324,1176.9999527455907,2.293578147888184,23.700000762939453,0.0,1310.5,0.0,790.22607421875,15.252449035644531,50.027488708496094,-0.0020832519512623,1290.6094970703125,790.2227172851562,286.12847900390625,114276.53125,2692.441650390625,16515.818359375,0.0439999997615814,0.0,2593.726318359375,220.0,100.27999877929688,-0.0,327.74468994140625,0.0145110627636313,0.0,0,200.0,63.47546005249024,1911.7685546875,0.0,33031.63671875,2903.10595703125,67.03077697753906,0.0,151.68765258789062,0.0010999999940395,0.0,0.0,0.0,50.95272064208984,0.0,292.2198181152344,0.0,4.098785575479269e-05,0.0,0.0,0.0999999940395355,0.9067617654800416,0.0,-4.377101049612975e-06,50.0,63.47546005249024,53.15338516235352,100.0,1934.6019287109373,0.0,50.0,50.0,309.9817199707031,1600.0,3835.662353515625,0.0,67.04569244384766,Reactor Scram,550.102294921875
1912.4708251953125,1.0,3764.552978515625,84.19837951660156,0.0,0.0,0.0,0.0,790.2979125976562,327.7737121582031,11.916316986083984,4.457019805908203,0.0013053596485406,1.0,0.0,5655.8173828125,11.840913772583008,342.93878173828125,0.0,1.0000001192092896,7.924896240234375,15.197110176086426,0.021269055083394,11.155044555664062,307.3987121582031,0.0,0.0,968.9812622070312,1.034000039100647,100.3022689819336,292.1886291503906,0.0,0.0,50.0,0.0022582083474844,1176.9999527455907,2.2932136058807373,23.700000762939453,0.0,1310.5,0.0,790.3026123046875,15.165066719055176,50.0267333984375,-0.0022017061710357,1290.6131591796875,790.2979125976562,285.8954772949219,114276.53125,2924.842041015625,16515.818359375,0.0439999997615814,0.0,2594.192626953125,230.0,100.2959442138672,-0.0,327.7416687011719,0.0157490372657775,0.0,0,200.0,65.44790649414062,1911.767578125,0.0,33031.63671875,2903.567626953125,67.02970886230469,0.0,151.52664184570312,0.0010999999940395,0.0,0.0,0.0,50.97540283203125,0.0,292.2206726074219,0.0,5.6502234656363726e-05,0.0,0.0,0.0999999940395355,0.9067617654800416,0.0,2.2055219233152457e-06,50.0,65.44790649414062,52.56725692749024,100.0,1934.3560791015625,0.0,50.0,50.0,309.9805908203125,1600.0,3835.66357421875,0.0,67.04517364501953,Reactor Scram,550.1392822265625
1912.369873046875,1.0,3761.018310546875,84.12549591064453,0.0,0.0,0.0,0.0,790.3775634765625,327.77301025390625,11.917972564697266,4.810844898223877,0.0014076444786041,1.0,0.0,5655.8173828125,11.841093063354492,342.8591613769531,0.0,1.0000001192092896,7.924896240234375,15.120171546936035,0.021269055083394,12.0388765335083,320.7348937988281,0.0,0.0,968.9747924804688,1.034000039100647,100.31854248046876,292.1871337890625,0.0,0.0,50.0,0.0023803531657904,1176.9999527455907,2.292828321456909,23.700000762939453,0.0,1310.5,0.0,790.3818359375,15.086161613464355,50.02544021606445,-0.0023271029349416,1290.615966796875,790.3775634765625,285.6724853515625,114276.53125,3157.03271484375,16515.818359375,0.0439999997615814,0.0,2594.61328125,240.0,100.3127899169922,-0.0,327.7389831542969,0.0169858913868665,0.0,0,200.0,67.26683044433594,1911.765380859375,0.0,33031.63671875,2904.05517578125,67.02864837646484,0.0,151.38055419921875,0.0010999999940395,0.0,0.0,0.0,50.99136734008789,0.0,292.2212219238281,0.0,5.3250230848789215e-05,0.0,0.0,0.0999999940395355,0.9067617654800416,0.0,-4.169677140453132e-06,50.0,67.26683044433594,52.0062255859375,100.0,1934.138427734375,0.0,50.0,50.0,309.9795227050781,1600.0,3835.66552734375,0.0,67.04461669921875,Reactor Scram,550.1785888671875
1912.2855224609373,1.0,3757.830810546875,84.0593490600586,0.0,0.0,0.0,0.0,790.4573974609375,327.772216796875,11.919123649597168,5.164377689361572,0.00150984514039,1.0,0.0,5655.8173828125,11.841245651245115,342.7869567871094,0.0,1.0000001192092896,7.924896240234375,15.05055809020996,0.021269055083394,12.921981811523438,334.0710754394531,0.0,0.0,968.9739379882812,1.034000039100647,100.33390808105467,292.1859130859375,0.0,0.0,50.0,0.0024867351166903,1176.9999527455907,2.292443037033081,23.700000762939453,0.0,1310.5,0.0,790.4605102539062,15.01471710205078,50.02379608154297,-0.0024528198409825,1290.618408203125,790.4573974609375,285.4593200683594,114276.53125,3389.031982421875,16515.818359375,0.0439999997615814,0.0,2594.993896484375,250.0,100.32965087890624,-0.0,327.73638916015625,0.0182217266410589,0.0,0,200.0,68.69999694824219,1911.755615234375,0.0,33031.63671875,2904.54345703125,67.02759552001953,0.0,151.2480926513672,0.0010999999940395,0.0,0.0,0.0,51.00141525268555,0.0,292.22174072265625,0.0,3.391527570784092e-05,0.0,0.0,0.0999999940395355,0.9067617654800416,0.0,-3.1000986382423434e-06,50.0,68.69999694824219,51.46994018554688,100.0,1933.943115234375,0.0,50.0,50.0,309.9786071777344,1600.0,3835.675048828125,0.0,67.0440673828125,Reactor Scram,550.218017578125
1912.1463623046875,1.0,3754.83447265625,83.99732208251953,0.0,0.0,0.0,0.0,790.4619750976562,327.7723999023437,11.919821739196776,5.51764440536499,0.0016119686188176,1.0,0.0,5655.8173828125,11.841374397277832,342.71942138671875,0.0,1.0000001192092896,7.924896240234375,14.984572410583496,0.021269055083394,13.804418563842772,347.4072570800781,0.0,0.0,969.0003051757812,1.034000039100647,100.32707214355467,292.1854248046875,0.0,0.0,50.0,0.0024276343174278,1176.9999527455907,2.2924230098724365,23.700000762939453,0.0,1310.5,0.0,790.4594116210938,14.947035789489746,50.02523040771485,-0.0024600832257419,1290.6253662109375,790.4619750976562,285.25250244140625,114276.53125,3620.856201171875,16515.818359375,0.0439999997615814,0.0,2595.349365234375,260.0,100.33052825927734,-0.0,327.73486328125,0.0194566268473863,0.0,0,200.0,68.69999694824219,1911.769287109375,0.0,33031.63671875,2904.56884765625,67.02714538574219,0.0,151.12388610839844,0.0010999999940395,0.0,0.0,0.0,51.00937271118164,0.0,292.2230529785156,0.0,-3.244879189878702e-05,0.0,0.0,0.0999999940395355,0.9067617654800416,0.0,2.881508635255159e-06,50.0,68.69999694824219,50.94968795776367,100.0,1933.8299560546875,0.0,50.0,50.0,309.9791259765625,1600.0,3835.66162109375,0.0,67.04399108886719,Reactor Scram,550.2205810546875
1911.9945068359373,1.0,3752.116943359375,83.93514251708984,0.0,0.0,0.0,0.0,790.4381713867188,327.77252197265625,11.920092582702637,5.870650768280029,0.0017140163108706,1.0,0.0,5655.8173828125,11.841463088989258,342.65216064453125,0.0,1.0000001192092896,7.924896240234375,14.918586730957031,0.021269055083394,14.686202049255373,360.7434387207031,0.0,0.0,968.9948120117188,1.034000039100647,100.32508087158205,292.1856689453125,0.0,0.0,50.0,0.0024118740111589,1176.9999527455907,2.2925374507904053,23.700000762939453,0.0,1310.5,0.0,790.4378662109375,14.87962532043457,50.02727508544922,-0.0024225923698395,1290.6336669921875,790.4381713867188,285.0462951660156,114276.53125,3852.509033203125,16515.818359375,0.0439999997615814,0.0,2595.7041015625,270.0,100.32552337646484,-0.0,327.73358154296875,0.0206906199455261,0.0,0,200.0,68.69999694824219,1911.7689208984373,0.0,33031.63671875,2904.423828125,67.0271987915039,0.0,150.9998779296875,0.0010999999940395,0.0,0.0,0.0,51.01359176635742,0.0,292.22467041015625,0.0,-1.0718358680605888e-05,0.0,0.0,0.0999999940395355,0.9067617654800416,0.0,5.3126027523831e-06,50.0,68.69999694824219,50.43094253540039,100.0,1933.66796875,0.0,50.0,50.0,309.979248046875,1600.0,3835.662109375,0.0,67.04443359375,Reactor Scram,550.2086791992188
1911.8470458984373,1.0,3749.70458984375,83.87371063232422,0.0,0.0,0.0,0.0,790.4080810546875,327.7730407714844,11.91998291015625,6.223396301269531,0.0018159894971176,1.0,0.0,5655.8173828125,11.841512680053713,342.5858459472656,0.0,1.0000001192092896,7.924896240234375,14.85307502746582,0.021269055083394,15.567339897155762,374.0796203613281,0.0,0.0,968.9909057617188,1.034000039100647,100.3183135986328,292.1858825683594,0.0,0.0,50.0,0.0023724727798253,1176.9999527455907,2.292682886123657,23.700000762939453,0.0,1310.5,0.0,790.407470703125,14.81279182434082,50.02911758422852,-0.0023751680273562,1290.6429443359375,790.4080810546875,284.8408203125,114276.53125,4083.992431640625,16515.818359375,0.0439999997615814,0.0,2590.6455078125,280.0,100.31916046142578,-0.0,327.7327575683594,0.0219236984848976,0.0,0,200.0,68.69999694824219,1911.7686767578125,0.0,33031.63671875,2904.23974609375,67.02750396728516,0.0,150.8777313232422,0.0010999999940395,0.0,0.0,0.0,51.013633728027344,0.0,292.22613525390625,0.0,-2.695131115615368e-06,0.0,0.0,0.0999999940395355,0.9067617654800416,0.0,2.371886239416199e-06,50.0,68.69999694824219,49.914039611816406,100.0,1933.5267333984373,0.0,50.0,50.0,309.9795837402344,1600.0,3835.662353515625,0.0,67.04508209228516,Reactor Scram,550.19384765625
1911.7216796875,1.0,3747.619873046875,83.8123779296875,0.0,0.0,0.0,0.0,790.3873901367188,327.7730407714844,11.919533729553224,6.575884819030762,0.0019178879447281,1.0,0.0,5655.8173828125,11.841522216796877,342.5196838378906,0.0,1.0000001192092896,7.924896240234375,14.788140296936035,0.021269055083394,16.447834014892578,387.4158020019531,0.0,0.0,968.98583984375,1.034000039100647,100.31298065185548,292.1865234375,0.0,0.0,50.0,0.0023330715484917,1176.9999527455907,2.29278302192688,23.700000762939453,0.0,1310.5,0.0,790.3860473632812,14.746636390686035,50.0301399230957,-0.0023425905965268,1290.6522216796875,790.3873901367188,284.6358642578125,114276.53125,4315.3046875,16515.818359375,0.0439999997615814,0.0,2591.105224609375,290.0,100.31477355957033,-0.0,327.7315368652344,0.023155877366662,0.0,0,200.0,68.69999694824219,1911.769775390625,0.0,33031.63671875,2904.11279296875,67.02781677246094,0.0,150.75576782226562,0.0010999999940395,0.0,0.0,0.0,51.00924682617188,0.0,292.2279968261719,0.0,-9.518873412162066e-06,0.0,0.0,0.0999999940395355,0.9067617654800416,0.0,2.7164180664840387e-06,50.0,68.69999694824219,49.39841079711914,100.0,1933.4019775390625,0.0,50.0,50.0,309.9799194335937,1600.0,3835.660888671875,0.0,67.04568481445312,Reactor Scram,550.1836547851562
1911.6148681640625,1.0,3745.845458984375,83.7510986328125,0.0,0.0,0.0,0.0,790.37353515625,327.7730407714844,11.91878890991211,6.928114414215088,0.0020197115372866,1.0,0.0,5655.8173828125,11.841496467590332,342.4535522460937,0.0,1.0000001192092896,7.924896240234375,14.72296905517578,0.021269055083394,17.327680587768555,400.7519836425781,0.0,0.0,968.981689453125,1.034000039100647,100.30927276611328,292.1871032714844,0.0,0.0,50.0,0.00229761027731,1176.9999527455907,2.2928504943847656,23.700000762939453,0.0,1310.5,0.0,790.3716430664062,14.68051528930664,50.03043365478516,-0.0023208009079098,1290.661376953125,790.37353515625,284.4314880371094,114276.53125,4546.44921875,16515.818359375,0.0439999997615814,0.0,2591.563232421875,300.0,100.31182098388672,-0.0,327.7305908203125,0.0243871565908193,0.0,0,200.0,68.69999694824219,1911.771484375,0.0,33031.63671875,2904.027099609375,67.0280990600586,0.0,150.6339569091797,0.0010999999940395,0.0,0.0,0.0,51.001121520996094,0.0,292.2293395996094,0.0,-2.3190630599856377e-05,0.0,0.0,0.0999999940395355,0.9067617654800416,0.0,-2.643004108904279e-06,50.0,68.69999694824219,48.88420486450195,100.0,1933.293212890625,0.0,50.0,50.0,309.980224609375,1600.0,3835.65966796875,0.0,67.04621887207031,Reactor Scram,550.1768798828125
1911.520751953125,1.0,3744.351318359375,83.68984985351562,0.0,0.0,0.0,0.0,790.3583374023438,327.7730407714844,11.917794227600098,7.280088424682617,0.0021214610897004,1.0,0.0,5655.8173828125,11.841439247131348,342.38751220703125,0.0,1.0000001192092896,7.924896240234375,14.65762710571289,0.021269055083394,18.20688819885254,414.0881652832031,0.0,0.0,968.9708251953124,1.034000039100647,100.30818176269533,292.1874084472656,0.0,0.0,50.0,0.0022857896983623,1176.9999527455907,2.2929234504699707,23.700000762939453,0.0,1310.5,0.0,790.3580322265625,14.614461898803713,50.030418395996094,-0.0022968749981373,1290.670166015625,790.3583374023438,284.22760009765625,114276.53125,4777.42431640625,16515.818359375,0.0439999997615814,0.0,2592.02001953125,310.0,100.30863189697266,-0.0,327.7298889160156,0.0256175380200147,0.0,0,200.0,68.69999694824219,1911.7713623046875,0.0,33031.63671875,2903.934814453125,67.02835083007812,0.0,150.51222229003906,0.0010999999940395,0.0,0.0,0.0,50.99008941650391,0.0,292.2306823730469,0.0,-1.1085416190326214e-05,0.0,0.0,0.0999999940395355,0.9067617654800416,0.0,2.149277406715555e-06,50.0,68.69999694824219,48.37131881713867,100.0,1933.189208984375,0.0,50.0,50.0,309.9803466796875,1600.0,3835.65966796875,0.0,67.04668426513672,Reactor Scram,550.1693725585938
1911.4383544921875,1.0,3743.123046875,83.62872314453125,0.0,0.0,0.0,0.0,790.3436889648438,327.7728576660156,11.916590690612791,7.631803035736084,0.0022231363691389,1.0,0.0,5655.8173828125,11.841357231140137,342.32159423828125,0.0,1.0000001192092896,7.924896240234375,14.59262466430664,0.021269055083394,19.08544921875,427.4243469238281,0.0,0.0,968.9630737304688,1.034000039100647,100.30545043945312,292.1880187988281,0.0,0.0,50.0,0.0022739691194146,1176.9999527455907,2.2929940223693848,23.700000762939453,0.0,1310.5,0.0,790.3436279296875,14.548713684082031,50.03008270263672,-0.0022738038096576,1290.6783447265625,790.3436889648438,284.0243835449219,114276.53125,5008.22998046875,16515.818359375,0.0439999997615814,0.0,2592.474609375,320.0,100.3055419921875,-0.0,327.7289733886719,0.0268470216542482,0.0,0,200.0,68.69999694824219,1911.774169921875,0.0,33031.63671875,2903.845458984375,67.02857208251953,0.0,150.39076232910156,0.0010999999940395,0.0,0.0,0.0,50.97658920288086,0.0,292.23193359375,0.0,1.651933416724205e-07,0.0,0.0,0.0999999940395355,0.9067617654800416,0.0,2.548085603848449e-06,50.0,68.69999694824219,47.86007308959961,100.0,1933.1060791015625,0.0,50.0,50.0,309.9804382324219,1600.0,3835.65673828125,0.0,67.04708099365234,Reactor Scram,550.162109375
1911.3709716796875,1.0,3742.14990234375,83.56595611572266,0.0,0.0,0.0,0.0,790.3319702148438,327.77294921875,11.91521453857422,7.983261585235596,0.0023247369099408,1.0,0.0,5655.8173828125,11.841251373291016,342.2538757324219,0.0,1.0000001192092896,7.924896240234375,14.52545166015625,0.021269055083394,19.96337127685547,440.7605285644531,0.0,0.0,968.959716796875,1.034000039100647,100.30271911621094,292.1880798339844,0.0,0.0,50.0,0.0022542681545019,1176.9999527455907,2.293050765991211,23.700000762939453,0.0,1310.5,0.0,790.3317260742188,14.48093032836914,50.02936172485352,-0.0022553254384547,1290.6864013671875,790.3319702148438,283.8218078613281,114276.53125,5238.8681640625,16515.818359375,0.0439999997615814,0.0,2592.94091796875,330.0,100.30306243896484,-0.0,327.7284240722656,0.028075598180294,0.0,0,200.0,68.69999694824219,1911.7763671875,0.0,33031.63671875,2903.773681640625,67.02876281738281,0.0,150.26515197753906,0.0010999999940395,0.0,0.0,0.0,50.96094131469727,0.0,292.232666015625,0.0,-1.0573421604931357e-06,0.0,0.0,0.0999999940395355,0.9067617654800416,0.0,-1.4465790627582464e-06,50.0,68.69999694824219,47.350467681884766,100.0,1933.0457763671875,0.0,50.0,50.0,309.9806213378906,1600.0,3835.654541015625,0.0,67.04740142822266,Reactor Scram,550.1563110351562
1911.32470703125,1.0,3741.430908203125,83.49688720703125,0.0,0.0,0.0,0.0,790.3313598632812,327.77294921875,11.913702011108398,8.33443832397461,0.0024262557271867,1.0,0.0,5655.8173828125,11.841126441955566,342.17938232421875,0.0,1.0000001192092896,7.924896240234375,14.451430320739746,0.021269055083394,20.84058380126953,454.0967102050781,0.0,0.0,968.9536743164062,1.034000039100647,100.302978515625,292.18817138671875,0.0,0.0,50.0,0.0022542681545019,1176.9999527455907,2.29305362701416,23.700000762939453,0.0,1310.5,0.0,790.3313598632812,14.40643310546875,50.02793502807617,-0.0022543640807271,1290.6949462890625,790.3313598632812,283.6207275390625,114276.53125,5469.3203125,16515.818359375,0.0439999997615814,0.0,2593.452392578125,340.0,100.3029327392578,-0.0,327.7279357910156,0.0293031930923461,0.0,0,200.0,68.69999694824219,1911.7779541015625,0.0,33031.63671875,2903.77001953125,67.02884674072266,0.0,150.12789916992188,0.0010999999940395,0.0,0.0,0.0,50.943206787109375,0.0,292.2332763671875,0.0,-9.604264050722122e-08,0.0,0.0,0.0999999940395355,0.9067617654800416,0.0,-1.1721674582076955e-06,50.0,68.69999694824219,46.84457778930664,100.0,1932.99365234375,0.0,50.0,50.0,309.9806213378906,1600.0,3835.6533203125,0.0,67.0475845336914,Reactor Scram,550.156005859375
1911.289794921875,1.0,3740.92431640625,83.4283218383789,0.0,0.0,0.0,0.0,790.3313598632812,327.77294921875,11.912089347839355,8.68532657623291,0.0025276916567236,1.0,0.0,5655.8173828125,11.840988159179688,342.1053771972656,0.0,1.0000001192092896,7.924896240234375,14.37774658203125,0.021269055083394,21.717077255249023,467.4328918457031,0.0,0.0,968.9520263671876,1.034000039100647,100.302978515625,292.188232421875,0.0,0.0,50.0,0.0022542681545019,1176.9999527455907,2.29305362701416,23.700000762939453,0.0,1310.5,0.0,790.3313598632812,14.33244514465332,50.026329040527344,-0.0022543640807271,1290.70263671875,790.3313598632812,283.4205627441406,114276.53125,5699.58349609375,16515.818359375,0.0439999997615814,0.0,2593.958984375,350.0,100.3029327392578,-0.0,327.7276306152344,0.030529772862792,0.0,0,200.0,68.69999694824219,1911.7779541015625,0.0,33031.63671875,2903.77001953125,67.02886199951172,0.0,149.99160766601562,0.0010999999940395,0.0,0.0,0.0,50.924259185791016,0.0,292.23358154296875,0.0,-9.604264050722122e-08,0.0,0.0,0.0999999940395355,0.9067617654800416,0.0,4.226882083457895e-06,50.0,68.69999694824219,46.341087341308594,100.0,1932.962158203125,0.0,50.0,50.0,309.9806213378906,1600.0,3835.6533203125,0.0,67.04766845703125,Reactor Scram,550.156005859375
1911.2652587890625,1.0,3740.612060546875,83.36007690429688,0.0,0.0,0.0,0.0,790.3313598632812,327.77294921875,11.910404205322266,9.03592586517334,0.0026290446985512,1.0,0.0,5655.8173828125,11.840842247009276,342.03179931640625,0.0,1.0000001192092896,7.924896240234375,14.304335594177246,0.021269055083394,22.59285545349121,480.7690734863281,0.0,0.0,968.950927734375,1.034000039100647,100.302978515625,292.1882629394531,0.0,0.0,50.0,0.0022542681545019,1176.9999527455907,2.29305362701416,23.700000762939453,0.0,1310.5,0.0,790.3313598632812,14.258864402770996,50.02465057373047,-0.0022543640807271,1290.71044921875,790.3313598632812,283.22125244140625,114276.53125,5929.658203125,16515.818359375,0.0439999997615814,0.0,2594.461669921875,360.0,100.3029327392578,-0.0,327.7274780273437,0.0317553579807281,0.0,0,200.0,68.69999694824219,1911.7828369140625,0.0,33031.63671875,2903.77001953125,67.02886199951172,0.0,149.8560333251953,0.0010999999940395,0.0,0.0,0.0,50.90445709228516,0.0,292.2337646484375,0.0,-9.604264050722122e-08,0.0,0.0,0.0999999940395355,0.9067617654800416,0.0,-1.874058284556668e-06,50.0,68.69999694824219,45.83960723876953,100.0,1932.94287109375,0.0,50.0,50.0,309.9806213378906,1600.0,3835.64794921875,0.0,67.04769897460938,Reactor Scram,550.156005859375
1911.2503662109373,1.0,3740.474609375,83.29203796386719,0.0,0.0,0.0,0.0,790.3313598632812,327.77294921875,11.908677101135254,9.386239051818848,0.0027303141541779,1.0,0.0,5655.8173828125,11.840685844421388,341.95849609375,0.0,1.0000001192092896,7.924896240234375,14.231093406677246,0.021269055083394,23.467918395996094,494.1052551269531,0.0,0.0,968.9503173828124,1.034000039100647,100.302978515625,292.1882629394531,0.0,0.0,50.0,0.0022542681545019,1176.9999527455907,2.29305362701416,23.700000762939453,0.0,1310.5,0.0,790.3313598632812,14.185554504394531,50.02286148071289,-0.0022543640807271,1290.718017578125,790.3313598632812,283.0225524902344,114276.53125,6159.5439453125,16515.818359375,0.0439999997615814,0.0,2594.961669921875,370.0,100.3029327392578,-0.0,327.7273864746094,0.0329799354076385,0.0,0,200.0,68.69999694824219,1911.7861328125,0.0,33031.63671875,2903.77001953125,67.02885437011719,0.0,149.720947265625,0.0010999999940395,0.0,0.0,0.0,50.88415145874024,0.0,292.2338256835937,0.0,-9.604264050722122e-08,0.0,0.0,0.0999999940395355,0.9067617654800416,0.0,2.072021516141831e-06,50.0,68.69999694824219,45.33979415893555,100.0,1932.9354248046875,0.0,50.0,50.0,309.9806213378906,1600.0,3835.644775390625,0.0,67.04769897460938,Reactor Scram,550.156005859375
1911.241943359375,1.0,3740.494140625,83.22415924072266,0.0,0.0,0.0,0.0,790.3313598632812,327.77294921875,11.90692901611328,9.736268043518066,0.002831500954926,1.0,0.0,5655.8173828125,11.840529441833496,341.8853759765625,0.0,1.0000001192092896,7.924896240234375,14.157986640930176,0.021269055083394,24.342266082763672,507.4414367675781,0.0,0.0,968.9500122070312,1.034000039100647,100.302978515625,292.1882629394531,0.0,0.0,50.0,0.0022542681545019,1176.9999527455907,2.29305362701416,23.700000762939453,0.0,1310.5,0.0,790.3313598632812,14.11244773864746,50.02102279663086,-0.0022543640807271,1290.7257080078125,790.3313598632812,282.8244934082031,114276.53125,6389.24365234375,16515.818359375,0.0439999997615814,0.0,2595.458740234375,380.0,100.3029327392578,-0.0,327.7273864746094,0.0342035181820392,0.0,0,200.0,68.69999694824219,1911.7862548828125,0.0,33031.63671875,2903.77001953125,67.02884674072266,0.0,149.5862274169922,0.0010999999940395,0.0,0.0,0.0,50.86363220214844,0.0,292.2338256835937,0.0,-9.604264050722122e-08,0.0,0.0,0.0999999940395355,0.9067617654800416,0.0,1.7876953961604158e-07,50.0,68.69999694824219,44.84147262573242,100.0,1932.93603515625,0.0,50.0,50.0,309.9806213378906,1600.0,3835.64453125,0.0,67.04767608642578,Reactor Scram,550.156005859375
1911.2415771484373,1.0,3740.651611328125,83.15636444091797,0.0,0.0,0.0,0.0,790.3313598632812,327.77294921875,11.905183792114258,10.086010932922363,0.0029326060321182,1.0,0.0,5655.8173828125,11.840371131896973,341.8124084472656,0.0,1.0000001192092896,7.924896240234375,14.085015296936035,0.021269055083394,25.21590232849121,520.777587890625,0.0,0.0,968.951171875,1.034000039100647,100.302978515625,292.1882629394531,0.0,0.0,50.0,0.0022542681545019,1176.9999527455907,2.29305362701416,23.700000762939453,0.0,1310.5,0.0,790.3313598632812,14.03947639465332,50.01919555664063,-0.0022543640807271,1290.733154296875,790.3313598632812,282.6268920898437,114276.53125,6618.75537109375,16515.818359375,0.0439999997615814,0.0,2595.953857421875,390.0,100.3029327392578,-0.0,327.7273864746094,0.0354261063039302,0.0,0,200.0,68.69999694824219,1911.7900390625,0.0,33031.63671875,2903.77001953125,67.02881622314453,0.0,149.45175170898438,0.0010999999940395,0.0,0.0,0.0,50.84312438964844,0.0,292.2338256835937,0.0,-9.604264050722122e-08,0.0,0.0,0.0999999940395355,0.9067617654800416,0.0,2.7151750146003906e-06,50.0,68.69999694824219,44.34443283081055,100.0,1932.9482421875,0.0,50.0,50.0,309.9806213378906,1600.0,3835.640869140625,0.0,67.04761505126953,Reactor Scram,550.156005859375
1911.2469482421875,1.0,3740.9287109375,83.0886001586914,0.0,0.0,0.0,0.0,790.3313598632812,327.77294921875,11.903460502624512,10.435467720031738,0.0030336284544318,1.0,0.0,5655.8173828125,11.840213775634766,341.7395324707031,0.0,1.0000001192092896,7.924896240234375,14.01214599609375,0.021269055083394,26.08882141113281,534.11376953125,0.0,0.0,968.9527587890624,1.034000039100647,100.302978515625,292.1882629394531,0.0,0.0,50.0,0.0022542681545019,1176.9999527455907,2.29305362701416,23.700000762939453,0.0,1310.5,0.0,790.3313598632812,13.966607093811035,50.017364501953125,-0.0022543640807271,1290.740478515625,790.3313598632812,282.4297790527344,114276.53125,6848.0791015625,16515.818359375,0.0439999997615814,0.0,2596.447021484375,400.0,100.3029327392578,-0.0,327.7273864746094,0.0366476848721504,0.0,0,200.0,68.69999694824219,1911.7894287109373,0.0,33031.63671875,2903.77001953125,67.02879333496094,0.0,149.3174285888672,0.0010999999940395,0.0,0.0,0.0,50.8228874206543,0.0,292.2338256835937,0.0,-9.604264050722122e-08,0.0,0.0,0.0999999940395355,0.9067617654800416,0.0,2.5133333565463545e-06,50.0,68.69999694824219,43.84848785400391,100.0,1932.9693603515625,0.0,50.0,50.0,309.9806213378906,1600.0,3835.641357421875,0.0,67.04753112792969,Reactor Scram,550.156005859375
1911.2630615234373,1.0,3741.318603515625,83.02080535888672,0.0,0.0,0.0,0.0,790.3362426757812,327.772705078125,11.901776313781738,10.78464126586914,0.003134568221867,1.0,0.0,5655.8173828125,11.840055465698242,341.6666564941406,0.0,1.0000001192092896,7.924896240234375,13.939141273498535,0.021269055083394,26.961030960083008,547.449951171875,0.0,0.0,968.9511108398438,1.034000039100647,100.30475616455078,292.1883239746094,0.0,0.0,50.0,0.0022660887334495,1176.9999527455907,2.293030023574829,23.700000762939453,0.0,1310.5,0.0,790.3368530273438,13.89394187927246,50.01530075073242,-0.0022620544768869,1290.747802734375,790.3362426757812,282.2330322265625,114276.53125,7077.21728515625,16515.818359375,0.0439999997615814,0.0,2596.93896484375,410.0,100.30397033691406,-0.0,327.7275085449219,0.037868283689022,0.0,0,200.0,68.69999694824219,1911.791015625,0.0,33031.63671875,2903.800048828125,67.02873229980469,0.0,149.18312072753906,0.0010999999940395,0.0,0.0,0.0,50.80289459228516,0.0,292.23370361328125,0.0,4.034140147268772e-06,0.0,0.0,0.0999999940395355,0.9067617654800416,0.0,-3.152400722683524e-06,50.0,68.69999694824219,43.35354995727539,100.0,1932.9891357421875,0.0,50.0,50.0,309.9804992675781,1600.0,3835.64013671875,0.0,67.04740905761719,Reactor Scram,550.1583862304688
1911.283447265625,1.0,3741.7939453125,82.95316314697266,0.0,0.0,0.0,0.0,790.34033203125,327.77264404296875,11.900144577026367,11.133530616760254,0.0032354264985769,1.0,0.0,5655.8173828125,11.839903831481934,341.59393310546875,0.0,1.0000001192092896,7.924896240234375,13.866408348083496,0.021269055083394,27.832538604736328,560.7861328125,0.0,0.0,968.9523315429688,1.034000039100647,100.3057861328125,292.1883239746094,0.0,0.0,50.0,0.0022779093123972,1176.9999527455907,2.293010234832764,23.700000762939453,0.0,1310.5,0.0,790.3410034179688,13.82131004333496,50.01335525512695,-0.0022684631403535,1290.754638671875,790.34033203125,282.03692626953125,114276.53125,7306.16796875,16515.818359375,0.0439999997615814,0.0,2597.428466796875,420.0,100.30484008789062,-0.0,327.7275390625,0.0390878804028034,0.0,0,200.0,68.69999694824219,1911.7940673828125,0.0,33031.63671875,2903.8251953125,67.02864074707031,0.0,149.04913330078125,0.0010999999940395,0.0,0.0,0.0,50.78355407714844,0.0,292.2333984375,0.0,9.446055628359318e-06,0.0,0.0,0.0999999940395355,0.9067617654800416,0.0,-4.9299883357889485e-06,50.0,68.69999694824219,42.86016845703125,100.0,1933.0181884765625,0.0,50.0,50.0,309.9804077148437,1600.0,3835.636962890625,0.0,67.04723358154297,Reactor Scram,550.1603393554688
1911.3109130859373,1.0,3742.345947265625,82.88562774658203,0.0,0.0,0.0,0.0,790.3472290039062,327.7726745605469,11.898579597473145,11.482134819030762,0.0033362018875777,1.0,0.0,5655.8173828125,11.83975601196289,341.5214233398437,0.0,1.0000001192092896,7.924896240234375,13.793539047241213,0.021269055083394,28.70332336425781,574.122314453125,0.0,0.0,968.953857421875,1.034000039100647,100.3071060180664,292.18817138671875,0.0,0.0,50.0,0.0022936700843274,1176.9999527455907,2.2929763793945312,23.700000762939453,0.0,1310.5,0.0,790.3478393554688,13.748745918273926,50.01136016845703,-0.002279357984662,1290.7611083984375,790.3472290039062,281.84136962890625,114276.53125,7534.9326171875,16515.818359375,0.0439999997615814,0.0,2597.915771484375,430.0,100.30631256103516,-0.0,327.7278747558594,0.0403064787387847,0.0,0,200.0,68.69999694824219,1911.795654296875,0.0,33031.63671875,2903.86767578125,67.02852630615234,0.0,148.91546630859375,0.0010999999940395,0.0,0.0,0.0,50.76485824584961,0.0,292.2328796386719,0.0,1.4312099665403366e-05,0.0,0.0,0.0999999940395355,0.9067617654800416,0.0,-3.693082362588029e-06,50.0,68.69999694824219,42.36819839477539,100.0,1933.053466796875,0.0,50.0,50.0,309.98028564453125,1600.0,3835.635009765625,0.0,67.0470199584961,Reactor Scram,550.163818359375
1911.3468017578125,1.0,3742.9677734375,82.81842803955078,0.0,0.0,0.0,0.0,790.359375,327.7726745605469,11.897089004516602,11.83045768737793,0.0034368962515145,1.0,0.0,5655.8173828125,11.83961582183838,341.4492492675781,0.0,1.0000001192092896,7.924896240234375,13.72087287902832,0.021269055083394,29.573410034179688,587.45849609375,0.0,0.0,968.9593505859376,1.034000039100647,100.30889129638672,292.1878356933594,0.0,0.0,50.0,0.00229761027731,1176.9999527455907,2.2929182052612305,23.700000762939453,0.0,1310.5,0.0,790.359375,13.676589012145996,50.00922775268555,-0.0022984773386269,1290.767822265625,790.359375,281.6465148925781,114276.53125,7763.51171875,16515.818359375,0.0439999997615814,0.0,2598.399169921875,440.0,100.3088607788086,-0.0,327.7283935546875,0.041524089872837,0.0,0,200.0,68.69999694824219,1911.798583984375,0.0,33031.63671875,2903.94140625,67.02835083007812,0.0,148.78256225585938,0.0010999999940395,0.0,0.0,0.0,50.746826171875,0.0,292.2322082519531,0.0,-8.67003109306097e-07,0.0,0.0,0.0999999940395355,0.9067617654800416,0.0,-2.5427686978218844e-06,50.0,68.69999694824219,41.87803649902344,100.0,1933.099609375,0.0,50.0,50.0,309.980224609375,1600.0,3835.632568359375,0.0,67.04674530029297,Reactor Scram,550.1697998046875
1911.38232421875,1.0,3743.6279296875,82.75131225585938,0.0,0.0,0.0,0.0,790.3682861328125,327.77276611328125,11.895682334899902,12.17849349975586,0.0035375077277421,1.0,0.0,5655.8173828125,11.839486122131348,341.3772277832031,0.0,1.0000001192092896,7.924896240234375,13.64837646484375,0.021269055083394,30.442785263061523,600.794677734375,0.0,0.0,968.9624633789062,1.034000039100647,100.3111343383789,292.1874389648437,0.0,0.0,50.0,0.0023133708164095,1176.9999527455907,2.292875051498413,23.700000762939453,0.0,1310.5,0.0,790.3685302734375,13.60446548461914,50.00733947753906,-0.002312469528988,1290.7740478515625,790.3682861328125,281.45220947265625,114276.53125,7991.904296875,16515.818359375,0.0439999997615814,0.0,2598.880615234375,450.0,100.3107452392578,-0.0,327.7288513183594,0.0427407175302505,0.0,0,200.0,68.69999694824219,1911.799072265625,0.0,33031.63671875,2903.99609375,67.02819061279297,0.0,148.6498565673828,0.0010999999940395,0.0,0.0,0.0,50.72991180419922,0.0,292.23150634765625,0.0,9.01229213923216e-07,0.0,0.0,0.0999999940395355,0.9067617654800416,0.0,-5.314024065228296e-07,50.0,68.69999694824219,41.38920211791992,100.0,1933.14306640625,0.0,50.0,50.0,309.9801025390625,1600.0,3835.631591796875,0.0,67.04647827148438,Reactor Scram,550.1741943359375
1911.4205322265625,1.0,3744.322265625,82.68437194824219,0.0,0.0,0.0,0.0,790.3776245117188,327.7727355957031,11.894364356994627,12.526249885559082,0.0036380384117364,1.0,0.0,5655.8173828125,11.83936595916748,341.30548095703125,0.0,1.0000001192092896,7.924896240234375,13.576491355895996,0.021269055083394,31.31145668029785,614.130859375,0.0,0.0,968.964599609375,1.034000039100647,100.31328582763672,292.1873779296875,0.0,0.0,50.0,0.0023291313555091,1176.9999527455907,2.292829990386963,23.700000762939453,0.0,1310.5,0.0,790.3780517578125,13.53274917602539,50.00558090209961,-0.0023272095713764,1290.7803955078125,790.3776245117188,281.25848388671875,114276.53125,8220.1123046875,16515.818359375,0.0439999997615814,0.0,2599.359375,460.0,100.3127212524414,-0.0,327.72900390625,0.0439563542604446,0.0,0,200.0,68.69999694824219,1911.8016357421875,0.0,33031.63671875,2904.05322265625,67.02803039550781,0.0,148.5176239013672,0.0010999999940395,0.0,0.0,0.0,50.71401977539063,0.0,292.23101806640625,0.0,1.921900548040867e-06,0.0,0.0,0.0999999940395355,0.9067617654800416,0.0,4.931283456244273e-06,50.0,68.69999694824219,40.901851654052734,100.0,1933.18798828125,0.0,50.0,50.0,309.97998046875,1600.0,3835.62939453125,0.0,67.04620361328125,Reactor Scram,550.1787719726562
1911.461181640625,1.0,3745.03857421875,82.61756896972656,0.0,0.0,0.0,0.0,790.3876342773438,327.7726745605469,11.893142700195312,12.873726844787598,0.0037384880706667,1.0,0.0,5655.8173828125,11.839256286621094,341.23394775390625,0.0,1.0000001192092896,7.924896240234375,13.504706382751465,0.021269055083394,32.1794319152832,627.467041015625,0.0,0.0,968.9680786132812,1.034000039100647,100.31539154052734,292.187255859375,0.0,0.0,50.0,0.0023448921274393,1176.9999527455907,2.292781352996826,23.700000762939453,0.0,1310.5,0.0,790.3880615234375,13.461270332336426,50.00389099121094,-0.0023430176079273,1290.7869873046875,790.3876342773438,281.0653686523437,114276.53125,8448.13671875,16515.818359375,0.0439999997615814,0.0,2599.83544921875,470.0,100.31484985351562,-0.0,327.7292175292969,0.0451710112392902,0.0,0,200.0,68.69999694824219,1911.806396484375,0.0,33031.63671875,2904.114990234375,67.0278549194336,0.0,148.38575744628906,0.0010999999940395,0.0,0.0,0.0,50.699214935302734,0.0,292.2304382324219,0.0,1.8744030967354768e-06,0.0,0.0,0.0999999940395355,0.9067617654800416,0.0,-1.302785676671192e-06,50.0,68.69999694824219,40.41602325439453,100.0,1933.234130859375,0.0,50.0,50.0,309.9798278808594,1600.0,3835.62451171875,0.0,67.04590606689453,Reactor Scram,550.1837158203125
1911.5030517578125,1.0,3745.76806640625,82.55091857910156,0.0,0.0,0.0,0.0,790.3988037109375,327.7726745605469,11.892016410827637,13.220922470092772,0.0038388562388718,1.0,0.0,5655.8173828125,11.839157104492188,341.1625671386719,0.0,1.0000001192092896,7.924896240234375,13.43278694152832,0.021269055083394,33.04670715332031,640.80322265625,0.0,0.0,968.971435546875,1.034000039100647,100.31812286376952,292.1867980957031,0.0,0.0,50.0,0.0023645926266908,1176.9999527455907,2.292727470397949,23.700000762939453,0.0,1310.5,0.0,790.3994750976562,13.389892578125,50.00226211547852,-0.0023605348542332,1290.792724609375,790.3988037109375,280.8728332519531,114276.53125,8675.9765625,16515.818359375,0.0439999997615814,0.0,2600.309326171875,480.0,100.31720733642578,-0.0,327.7297668457031,0.0463846959173679,0.0,0,200.0,68.69999694824219,1911.8072509765625,0.0,33031.63671875,2904.18310546875,67.02766418457031,0.0,148.2542724609375,0.0010999999940395,0.0,0.0,0.0,50.685508728027344,0.0,292.2297668457031,0.0,4.057888872921467e-06,0.0,0.0,0.0999999940395355,0.9067617654800416,0.0,3.488502215986955e-06,50.0,68.69999694824219,39.93165969848633,100.0,1933.2813720703125,0.0,50.0,50.0,309.97967529296875,1600.0,3835.623779296875,0.0,67.04560089111328,Reactor Scram,550.189208984375
1911.5419921875,1.0,3746.4951171875,82.48448181152344,0.0,0.0,0.0,0.0,790.4060668945312,327.77276611328125,11.890985488891602,13.567837715148926,0.0039391438476741,1.0,0.0,5655.8173828125,11.839069366455078,341.0915222167969,0.0,1.0000001192092896,7.924896240234375,13.361342430114746,0.021269055083394,33.91327667236328,654.139404296875,0.0,0.0,968.973388671875,1.034000039100647,100.3203582763672,292.1864624023437,0.0,0.0,50.0,0.0023842933587729,1176.9999527455907,2.292691946029663,23.700000762939453,0.0,1310.5,0.0,790.4071655273438,13.318753242492676,50.00095748901367,-0.0023719635792076,1290.7989501953125,790.4060668945312,280.6809387207031,114276.53125,8903.634765625,16515.818359375,0.0439999997615814,0.0,2600.77978515625,490.0,100.31875610351562,-0.0,327.7301940917969,0.0475973933935165,0.0,0,200.0,68.69999694824219,1911.8111572265625,0.0,33031.63671875,2904.22802734375,67.0274887084961,0.0,148.12332153320312,0.0010999999940395,0.0,0.0,0.0,50.67308044433594,0.0,292.22906494140625,0.0,1.232960494235158e-05,0.0,0.0,0.0999999940395355,0.9067617654800416,0.0,-1.8357285398451493e-06,50.0,68.69999694824219,39.44889831542969,100.0,1933.32568359375,0.0,50.0,50.0,309.9794921875,1600.0,3835.61962890625,0.0,67.04530334472656,Reactor Scram,550.1927490234375
1911.5811767578125,1.0,3747.217041015625,82.41820526123047,0.0,0.0,0.0,0.0,790.4146118164062,327.7727355957031,11.890055656433104,13.914472579956056,0.0040393499657511,1.0,0.0,5655.8173828125,11.838994979858398,341.0206604003906,0.0,1.0000001192092896,7.924896240234375,13.29010009765625,0.021269055083394,34.779151916503906,667.4755859375,0.0,0.0,968.979248046875,1.034000039100647,100.3209991455078,292.186279296875,0.0,0.0,50.0,0.0023961134720593,1176.9999527455907,2.2926509380340576,23.700000762939453,0.0,1310.5,0.0,790.4149169921875,13.247918128967283,49.99974822998047,-0.0023854218889027,1290.8050537109375,790.4146118164062,280.4896240234375,114276.53125,9131.10546875,16515.818359375,0.0439999997615814,0.0,2601.247802734375,500.0,100.320556640625,-0.0,327.7305603027344,0.0488091148436069,0.0,0,200.0,68.69999694824219,1911.810791015625,0.0,33031.63671875,2904.280029296875,67.02730560302734,0.0,147.99278259277344,0.0010999999940395,0.0,0.0,0.0,50.66177749633789,0.0,292.2284545898437,0.0,1.0691641364246609e-05,0.0,0.0,0.0999999940395355,0.9067617654800416,0.0,-8.476167181470373e-07,50.0,68.69999694824219,38.9676399230957,100.0,1933.3797607421875,0.0,50.0,50.0,309.9794006347656,1600.0,3835.61962890625,0.0,67.04501342773438,Reactor Scram,550.197021484375
1911.6239013671875,1.0,3747.934326171875,82.35206604003906,0.0,0.0,0.0,0.0,790.4269409179688,327.772705078125,11.889219284057615,14.26083278656006,0.0041394773870706,1.0,0.0,5655.8173828125,11.838930130004885,340.95001220703125,0.0,1.0000001192092896,7.924896240234375,13.219130516052246,0.021269055083394,35.64432907104492,680.811767578125,0.0,0.0,968.9852294921876,1.034000039100647,100.32320404052734,292.18603515625,0.0,0.0,50.0,0.0024039936251938,1176.9999527455907,2.2925915718078613,23.700000762939453,0.0,1310.5,0.0,790.427001953125,13.177321434020996,49.99848937988281,-0.0024048616178333,1290.811279296875,790.4269409179688,280.29888916015625,114276.53125,9358.3994140625,16515.818359375,0.0439999997615814,0.0,2601.713134765625,510.0,100.32315063476562,-0.0,327.7308959960937,0.05001987144351,0.0,0,200.0,68.69999694824219,1911.81494140625,0.0,33031.63671875,2904.355224609375,67.02711486816406,0.0,147.86264038085938,0.0010999999940395,0.0,0.0,0.0,50.65142059326172,0.0,292.227783203125,0.0,-8.67876224219799e-07,0.0,0.0,0.0999999940395355,0.9067617654800416,0.0,3.727192734004348e-06,50.0,68.69999694824219,38.48779678344727,100.0,1933.430908203125,0.0,50.0,50.0,309.97930908203125,1600.0,3835.6162109375,0.0,67.04470825195312,Reactor Scram,550.203125
1911.6649169921875,1.0,3748.633544921875,82.28609466552734,0.0,0.0,0.0,0.0,790.4386596679688,327.77252197265625,11.88847827911377,14.606911659240724,0.0042395228520035,1.0,0.0,5655.8173828125,11.83887767791748,340.879638671875,0.0,1.0000001192092896,7.924896240234375,13.14866828918457,0.021269055083394,36.50882339477539,694.14794921875,0.0,0.0,968.9874267578124,1.034000039100647,100.32598876953124,292.18603515625,0.0,0.0,50.0,0.0024236941244453,1176.9999527455907,2.292534828186035,23.700000762939453,0.0,1310.5,0.0,790.4389038085938,13.107096672058104,49.9974250793457,-0.0024233399890363,1290.8175048828125,790.4386596679688,280.1087341308594,114276.53125,9585.505859375,16515.818359375,0.0439999997615814,0.0,2602.17626953125,520.0,100.3256378173828,-0.0,327.73095703125,0.0512296482920646,0.0,0,200.0,68.69999694824219,1911.818115234375,0.0,33031.63671875,2904.42724609375,67.02691650390625,0.0,147.73291015625,0.0010999999940395,0.0,0.0,0.0,50.64217758178711,0.0,292.22735595703125,0.0,3.541354089975357e-07,0.0,0.0,0.0999999940395355,0.9067617654800416,0.0,4.314661964599509e-06,50.0,68.69999694824219,38.0093879699707,100.0,1933.47607421875,0.0,50.0,50.0,309.9791564941406,1600.0,3835.613037109375,0.0,67.04438781738281,Reactor Scram,550.2088623046875
1911.7020263671875,1.0,3749.3046875,82.22023010253906,0.0,0.0,0.0,0.0,790.4478759765625,327.7724304199219,11.88782787322998,14.952717781066896,0.0043394900858402,1.0,0.0,5655.8173828125,11.838834762573242,340.8094177246094,0.0,1.0000001192092896,7.924896240234375,13.078240394592283,0.021269055083394,37.37262344360352,707.484130859375,0.0,0.0,968.9906005859376,1.034000039100647,100.32870483398438,292.1858215332031,0.0,0.0,50.0,0.0024433946236968,1176.9999527455907,2.292490005493164,23.700000762939453,0.0,1310.5,0.0,790.4486694335938,13.03697395324707,49.99652862548828,-0.0024378662928938,1290.8233642578125,790.4478759765625,279.91912841796875,114276.53125,9812.435546875,16515.818359375,0.0439999997615814,0.0,2602.63671875,530.0,100.32759857177734,-0.0,327.7311706542969,0.0524384677410125,0.0,0,200.0,68.69999694824219,1911.82275390625,0.0,33031.63671875,2904.48388671875,67.02672576904297,0.0,147.60353088378906,0.0010999999940395,0.0,0.0,0.0,50.6341438293457,0.0,292.226806640625,0.0,5.5282143875956535e-06,0.0,0.0,0.0999999940395355,0.9067617654800416,0.0,-2.518436303944327e-06,50.0,68.69999694824219,37.53239059448242,100.0,1933.5177001953125,0.0,50.0,50.0,309.9789733886719,1600.0,3835.608642578125,0.0,67.04409790039062,Reactor Scram,550.2134399414062
1911.735595703125,1.0,3749.9404296875,82.15455627441406,0.0,0.0,0.0,0.0,790.453857421875,327.7724304199219,11.887267112731934,15.298242568969728,0.004439374897629,1.0,0.0,5655.8173828125,11.838801383972168,340.73944091796875,0.0,1.0000001192092896,7.924896240234375,13.007880210876465,0.021269055083394,38.2357177734375,720.8203125,0.0,0.0,968.9913330078124,1.034000039100647,100.33032989501952,292.185546875,0.0,0.0,50.0,0.0024630948901176,1176.9999527455907,2.2924606800079346,23.700000762939453,0.0,1310.5,0.0,790.4549560546875,12.967020988464355,49.99593734741211,-0.0024472658988088,1290.82958984375,790.453857421875,279.7301330566406,114276.53125,10039.1787109375,16515.818359375,0.0439999997615814,0.0,2603.0947265625,540.0,100.3288803100586,-0.0,327.7315673828125,0.0536463074386119,0.0,0,200.0,68.69999694824219,1911.8240966796875,0.0,33031.63671875,2904.52099609375,67.02655792236328,0.0,147.47459411621094,0.0010999999940395,0.0,0.0,0.0,50.62727355957031,0.0,292.2262268066406,0.0,1.582904951646924e-05,0.0,0.0,0.0999999940395355,0.9067617654800416,0.0,2.1106495751155308e-06,50.0,68.69999694824219,37.05693054199219,100.0,1933.5576171875,0.0,50.0,50.0,309.97882080078125,1600.0,3835.606689453125,0.0,67.0438232421875,Reactor Scram,550.2163696289062
1911.7703857421875,1.0,3750.556396484375,82.08909606933594,0.0,0.0,0.0,0.0,790.4645385742188,327.7724304199219,11.88678741455078,15.643494606018066,0.0045391814783215,1.0,0.0,5655.8173828125,11.83877944946289,340.6697692871094,0.0,1.0000001192092896,7.924896240234375,12.937724113464355,0.021269055083394,39.09812927246094,734.156494140625,0.0,0.0,969.0005493164062,1.034000039100647,100.3311004638672,292.1852722167969,0.0,0.0,50.0,0.0024630948901176,1176.9999527455907,2.292409658432007,23.700000762939453,0.0,1310.5,0.0,790.4645385742188,12.8973388671875,49.99524688720703,-0.0024641419295221,1290.8358154296875,790.4645385742188,279.541748046875,114276.53125,10265.7421875,16515.818359375,0.0439999997615814,0.0,2603.550048828125,550.0,100.33111572265624,-0.0,327.7320556640625,0.0548531860113143,0.0,0,200.0,68.69999694824219,1911.827880859375,0.0,33031.63671875,2904.585693359375,67.02638244628906,0.0,147.34620666503906,0.0010999999940395,0.0,0.0,0.0,50.62117004394531,0.0,292.2255859375,0.0,-1.0470394045114515e-06,0.0,0.0,0.0999999940395355,0.9067617654800416,0.0,-1.5237919797073118e-06,50.0,68.69999694824219,36.58301544189453,100.0,1933.6085205078125,0.0,50.0,50.0,309.97882080078125,1600.0,3835.60302734375,0.0,67.04354095458984,Reactor Scram,550.2216796875
1911.80517578125,1.0,3751.139892578125,82.02375793457031,0.0,0.0,0.0,0.0,790.4762573242188,327.7724609375,11.88638687133789,15.988470077514648,0.0046389079652726,1.0,0.0,5655.8173828125,11.838764190673828,340.60028076171875,0.0,1.0000001192092896,7.924896240234375,12.86790657043457,0.021269055083394,39.95985794067383,747.49267578125,0.0,0.0,969.00244140625,1.034000039100647,100.33393096923828,292.18487548828125,0.0,0.0,50.0,0.0024827951565384,1176.9999527455907,2.29235315322876,23.700000762939453,0.0,1310.5,0.0,790.4765014648438,12.827826499938965,49.99460983276367,-0.0024825136642903,1290.8419189453125,790.4762573242188,279.3538818359375,114276.53125,10492.1259765625,16515.818359375,0.0439999997615814,0.0,2604.00244140625,560.0,100.33358764648438,-0.0,327.7323913574219,0.05605910718441,0.0,0,200.0,68.69999694824219,1911.8294677734373,0.0,33031.63671875,2904.657470703125,67.02619934082031,0.0,147.2181854248047,0.0010999999940395,0.0,0.0,0.0,50.6159553527832,0.0,292.2249450683594,0.0,2.814922481775284e-07,0.0,0.0,0.0999999940395355,0.9067617654800416,0.0,3.849060703942087e-06,50.0,68.69999694824219,36.11041259765625,100.0,1933.6455078125,0.0,50.0,50.0,309.9786376953125,1600.0,3835.601318359375,0.0,67.04326629638672,Reactor Scram,550.2274169921875
1911.8306884765625,1.0,3751.676025390625,81.95855712890625,0.0,0.0,0.0,0.0,790.480712890625,327.7724609375,11.88606071472168,16.333171844482422,0.0047385557554662,1.0,0.0,5655.8173828125,11.838756561279297,340.531005859375,0.0,1.0000001192092896,7.924896240234375,12.798394203186035,0.021269055083394,40.82090377807617,760.828857421875,0.0,0.0,969.0050659179688,1.034000039100647,100.33541107177734,292.1847229003906,0.0,0.0,50.0,0.0024946152698248,1176.9999527455907,2.2923312187194824,23.700000762939453,0.0,1310.5,0.0,790.4813232421875,12.758551597595217,49.99436569213867,-0.0024895630776882,1290.84814453125,790.480712890625,279.1666259765625,114276.53125,10718.3291015625,16515.818359375,0.0439999997615814,0.0,2604.452880859375,570.0,100.33454895019533,-0.0,327.7326354980469,0.0572640746831893,0.0,0,200.0,68.69999694824219,1911.83251953125,0.0,33031.63671875,2904.685302734375,67.02605438232422,0.0,147.09051513671875,0.0010999999940395,0.0,0.0,0.0,50.61190414428711,0.0,292.2244567871094,0.0,5.052017513662577e-06,0.0,0.0,0.0999999940395355,0.9067617654800416,0.0,-2.911668843808002e-06,50.0,68.69999694824219,35.639259338378906,100.0,1933.6826171875,0.0,50.0,50.0,309.9785461425781,1600.0,3835.59814453125,0.0,67.04303741455078,Reactor Scram,550.2296142578125
1911.8577880859373,1.0,3752.18017578125,81.89344787597656,0.0,0.0,0.0,0.0,790.4882202148438,327.7724609375,11.8858003616333,16.67759895324707,0.0048381234519183,1.0,0.0,5655.8173828125,11.838756561279297,340.4618835449219,0.0,1.0000001192092896,7.924896240234375,12.72905158996582,0.021269055083394,41.68125915527344,774.1650390625,0.0,0.0,969.0078125,1.034000039100647,100.3369598388672,292.18463134765625,0.0,0.0,50.0,0.0025064351502805,1176.9999527455907,2.292294979095459,23.700000762939453,0.0,1310.5,0.0,790.4888305664062,12.689413070678713,49.99406814575195,-0.0025014192797243,1290.8543701171875,790.4882202148438,278.9798278808594,114276.53125,10944.3515625,16515.818359375,0.0439999997615814,0.0,2604.901123046875,580.0,100.3361358642578,-0.0,327.7328186035156,0.058468073606491,0.0,0,200.0,68.69999694824219,1911.8360595703125,0.0,33031.63671875,2904.731201171875,67.0259017944336,0.0,146.96316528320312,0.0010999999940395,0.0,0.0,0.0,50.60851287841797,0.0,292.22412109375,0.0,5.016045179218054e-06,0.0,0.0,0.0999999940395355,0.9067617654800416,0.0,-1.101931047742255e-06,50.0,68.69999694824219,35.16934585571289,100.0,1933.7158203125,0.0,50.0,50.0,309.9784545898437,1600.0,3835.5947265625,0.0,67.04280090332031,Reactor Scram,550.2333374023438
1911.8831787109373,1.0,3752.65087890625,81.82848358154297,0.0,0.0,0.0,0.0,790.4965209960938,327.7724609375,11.885601997375488,17.021753311157227,0.0049376133829355,1.0,0.0,5655.8173828125,11.838764190673828,340.3929748535156,0.0,1.0000001192092896,7.924896240234375,12.659912109375,0.021269055083394,42.54093933105469,787.501220703125,0.0,0.0,969.0115966796876,1.034000039100647,100.33866119384766,292.18438720703125,0.0,0.0,50.0,0.0025182552635669,1176.9999527455907,2.29225492477417,23.700000762939453,0.0,1310.5,0.0,790.4970703125,12.620511054992676,49.99381637573242,-0.0025144503451883,1290.8604736328125,790.4965209960938,278.7935791015625,114276.53125,11170.19921875,16515.818359375,0.0439999997615814,0.0,2605.346923828125,590.0,100.337890625,-0.0,327.7330627441406,0.0596711337566375,0.0,0,200.0,68.69999694824219,1911.8397216796875,0.0,33031.63671875,2904.781982421875,67.02574920654297,0.0,146.83621215820312,0.0010999999940395,0.0,0.0,0.0,50.6058235168457,0.0,292.22369384765625,0.0,3.805034793913365e-06,0.0,0.0,0.0999999940395355,0.9067617654800416,0.0,2.890719201786851e-07,50.0,68.69999694824219,34.70082092285156,100.0,1933.7493896484373,0.0,50.0,50.0,309.97833251953125,1600.0,3835.591552734375,0.0,67.04256439208984,Reactor Scram,550.2374267578125
1911.9044189453125,1.0,3753.077880859375,81.76366424560547,0.0,0.0,0.0,0.0,790.502685546875,327.7724609375,11.885462760925291,17.365638732910156,0.0050370232202112,1.0,0.0,5655.8173828125,11.838777542114258,340.3243103027344,0.0,1.0000001192092896,7.924896240234375,12.591044425964355,0.021269055083394,43.399932861328125,800.83740234375,0.0,0.0,969.0140991210938,1.034000039100647,100.34010314941406,292.18426513671875,0.0,0.0,50.0,0.0025300753768533,1176.9999527455907,2.2922251224517822,23.700000762939453,0.0,1310.5,0.0,790.5033569335938,12.551846504211426,49.99375915527344,-0.0025241700932383,1290.86669921875,790.502685546875,278.60791015625,114276.53125,11395.8642578125,16515.818359375,0.0439999997615814,0.0,2605.79052734375,600.0,100.33919525146484,-0.0,327.7332763671875,0.060873232781887,0.0,0,200.0,68.69999694824219,1911.843505859375,0.0,33031.63671875,2904.81982421875,67.0256118774414,0.0,146.70965576171875,0.0010999999940395,0.0,0.0,0.0,50.60390090942383,0.0,292.2232666015625,0.0,5.905225407332182e-06,0.0,0.0,0.0999999940395355,0.9067617654800416,0.0,-1.162855824077269e-06,50.0,68.69999694824219,34.23373794555664,100.0,1933.778564453125,0.0,50.0,50.0,309.9782409667969,1600.0,3835.587890625,0.0,67.04235076904297,Reactor Scram,550.240478515625
1911.922607421875,1.0,3753.46728515625,81.69896697998047,0.0,0.0,0.0,0.0,790.5078735351562,327.77252197265625,11.885374069213867,17.70924949645996,0.0051363562233746,1.0,0.0,5655.8173828125,11.838797569274902,340.2558288574219,0.0,1.0000001192092896,7.924896240234375,12.52227783203125,0.021269055083394,44.25824737548828,814.173583984375,0.0,0.0,969.0151977539062,1.034000039100647,100.3412857055664,292.1839904785156,0.0,0.0,50.0,0.002541895257309,1176.9999527455907,2.2921996116638184,23.700000762939453,0.0,1310.5,0.0,790.5086669921875,12.483283042907717,49.993797302246094,-0.0025323946028947,1290.873291015625,790.5078735351562,278.4227905273437,114276.53125,11621.3515625,16515.818359375,0.0439999997615814,0.0,2606.231689453125,610.0,100.3403091430664,-0.0,327.7335510253906,0.0620743669569492,0.0,0,200.0,68.69999694824219,1911.844482421875,0.0,33031.63671875,2904.85205078125,67.02548217773438,0.0,146.5834197998047,0.0010999999940395,0.0,0.0,0.0,50.60261917114258,0.0,292.22283935546875,0.0,9.500712621957064e-06,0.0,0.0,0.0999999940395355,0.9067617654800416,0.0,3.968314558733255e-06,50.0,68.69999694824219,33.76802062988281,100.0,1933.8056640625,0.0,50.0,50.0,309.9781494140625,1600.0,3835.586181640625,0.0,67.04215240478516,Reactor Scram,550.2429809570312
1911.9395751953125,1.0,3753.8212890625,81.63448333740234,0.0,0.0,0.0,0.0,790.514404296875,327.77264404296875,11.885331153869627,18.05258560180664,0.0052356095984578,1.0,0.0,5655.8173828125,11.838822364807127,340.1875915527344,0.0,1.0000001192092896,7.924896240234375,12.453579902648926,0.021269055083394,45.11588668823242,827.509765625,0.0,0.0,969.0211181640624,1.034000039100647,100.34165954589844,292.18365478515625,0.0,0.0,50.0,0.002541895257309,1176.9999527455907,2.292168617248535,23.700000762939453,0.0,1310.5,0.0,790.514404296875,12.414958000183104,49.99385070800781,-0.0025426484644412,1290.879638671875,790.514404296875,278.2382507324219,114276.53125,11846.6591796875,16515.818359375,0.0439999997615814,0.0,2606.669921875,620.0,100.34166717529295,-0.0,327.7340087890625,0.0632745623588562,0.0,0,200.0,68.69999694824219,1911.848876953125,0.0,33031.63671875,2904.891357421875,67.02535247802734,0.0,146.45773315429688,0.0010999999940395,0.0,0.0,0.0,50.6018180847168,0.0,292.2222595214844,0.0,-7.531489245593548e-07,0.0,0.0,0.0999999940395355,0.9067617654800416,0.0,-4.750711013912223e-06,50.0,68.69999694824219,33.303741455078125,100.0,1933.8359375,0.0,50.0,50.0,309.9781494140625,1600.0,3835.581787109375,0.0,67.04196166992188,Reactor Scram,550.2462768554688
1911.9586181640625,1.0,3754.147216796875,81.57019805908203,0.0,0.0,0.0,0.0,790.5242309570312,327.7726135253906,11.885329246520996,18.395652770996094,0.0053347838111221,1.0,0.0,5655.8173828125,11.838849067687988,340.11962890625,0.0,1.0000001192092896,7.924896240234375,12.385661125183104,0.021269055083394,45.972843170166016,840.845947265625,0.0,0.0,969.0233764648438,1.034000039100647,100.3438949584961,292.1835632324219,0.0,0.0,50.0,0.0025576550979167,1176.9999527455907,2.292120933532715,23.700000762939453,0.0,1310.5,0.0,790.5243530273438,12.347039222717283,49.99376678466797,-0.0025581361260265,1290.8856201171875,790.5242309570312,278.05426025390625,114276.53125,12071.791015625,16515.818359375,0.0439999997615814,0.0,2607.105712890625,630.0,100.34375,-0.0,327.7339782714844,0.064473807811737,0.0,0,200.0,68.69999694824219,1911.850830078125,0.0,33031.63671875,2904.95166015625,67.02519989013672,0.0,146.33251953125,0.0010999999940395,0.0,0.0,0.0,50.60135269165039,0.0,292.2221374511719,0.0,-4.809116944670677e-07,0.0,0.0,0.0999999940395355,0.9067617654800416,0.0,-4.733197783934884e-06,50.0,68.69999694824219,32.840911865234375,100.0,1933.8575439453125,0.0,50.0,50.0,309.9779968261719,1600.0,3835.580322265625,0.0,67.04175567626953,Reactor Scram,550.2511596679688
1911.96826171875,1.0,3754.425537109375,81.5060043334961,0.0,0.0,0.0,0.0,790.5255737304688,327.7726135253906,11.885361671447754,18.73844718933105,0.0054338807240128,1.0,0.0,5655.8173828125,11.83887767791748,340.0518493652344,0.0,1.0000001192092896,7.924896240234375,12.317742347717283,0.021269055083394,46.829132080078125,854.18212890625,0.0,0.0,969.0239868164062,1.034000039100647,100.3447265625,292.1835327148437,0.0,0.0,50.0,0.0025655352510511,1176.9999527455907,2.2921142578125,23.700000762939453,0.0,1310.5,0.0,790.5260620117188,12.279256820678713,49.99406051635742,-0.002560272347182,1290.892333984375,790.5255737304688,277.8708190917969,114276.53125,12296.7451171875,16515.818359375,0.0439999997615814,0.0,2607.53955078125,640.0,100.34404754638672,-0.0,327.7341003417969,0.0656721144914627,0.0,0,200.0,68.69999694824219,1911.85205078125,0.0,33031.63671875,2904.960205078125,67.02510070800781,0.0,146.20761108398438,0.0010999999940395,0.0,0.0,0.0,50.60166549682617,0.0,292.22186279296875,0.0,5.262787453830242e-06,0.0,0.0,0.0999999940395355,0.9067617654800416,0.0,1.50799834841564e-07,50.0,68.69999694824219,32.37943649291992,100.0,1933.8787841796875,0.0,50.0,50.0,309.9779357910156,1600.0,3835.5791015625,0.0,67.04161071777344,Reactor Scram,550.2517700195312
1911.97802734375,1.0,3754.675537109375,81.44190216064453,0.0,0.0,0.0,0.0,790.5308227539062,327.7726135253906,11.885425567626951,19.080974578857425,0.0055328994058072,1.0,0.0,5655.8173828125,11.838913917541504,339.9842529296875,0.0,1.0000001192092896,7.924896240234375,12.250027656555176,0.021269055083394,47.68474578857422,867.518310546875,0.0,0.0,969.027099609375,1.034000039100647,100.3458480834961,292.1834411621094,0.0,0.0,50.0,0.0025734149385243,1176.9999527455907,2.2920889854431152,23.700000762939453,0.0,1310.5,0.0,790.5313720703125,12.21164321899414,49.99430084228516,-0.0025684968568384,1290.8984375,790.5308227539062,277.6878662109375,114276.53125,12521.521484375,16515.818359375,0.0439999997615814,0.0,2607.971435546875,650.0,100.34515380859376,-0.0,327.7342224121094,0.0668694674968719,0.0,0,200.0,68.69999694824219,1911.8565673828125,0.0,33031.63671875,2904.9921875,67.0250015258789,0.0,146.0830078125,0.0010999999940395,0.0,0.0,0.0,50.6021728515625,0.0,292.2216186523437,0.0,4.9182563088834286e-06,0.0,0.0,0.0999999940395355,0.9067617654800416,0.0,-3.410148565308191e-06,50.0,68.69999694824219,31.91915702819824,100.0,1933.896484375,0.0,50.0,50.0,309.9778747558594,1600.0,3835.57421875,0.0,67.04145812988281,Reactor Scram,550.2543334960938
1911.9849853515625,1.0,3754.892822265625,81.3779525756836,0.0,0.0,0.0,0.0,790.5348510742188,327.7726135253906,11.885515213012695,19.423236846923828,0.0056318407878279,1.0,0.0,5655.8173828125,11.838951110839844,339.9168395996094,0.0,1.0000001192092896,7.924896240234375,12.182448387145996,0.021269055083394,48.5396842956543,880.8544921875,0.0,0.0,969.0276489257812,1.034000039100647,100.34661865234376,292.1832580566406,0.0,0.0,50.0,0.0025812950916588,1176.9999527455907,2.292069673538208,23.700000762939453,0.0,1310.5,0.0,790.5352783203125,12.144232749938965,49.99460983276367,-0.0025747986510396,1290.9049072265625,790.5348510742188,277.50543212890625,114276.53125,12746.123046875,16515.818359375,0.0439999997615814,0.0,2608.400634765625,660.0,100.34600067138672,-0.0,327.734375,0.0680658966302871,0.0,0,200.0,68.69999694824219,1911.8590087890625,0.0,33031.63671875,2905.0166015625,67.02489471435547,0.0,145.9587860107422,0.0010999999940395,0.0,0.0,0.0,50.60302734375,0.0,292.2213134765625,0.0,6.496324203908444e-06,0.0,0.0,0.0999999940395355,0.9067617654800416,0.0,1.3286147577673546e-06,50.0,68.69999694824219,31.460254669189453,100.0,1933.9122314453125,0.0,50.0,50.0,309.977783203125,1600.0,3835.571533203125,0.0,67.04131317138672,Reactor Scram,550.2562866210938
1911.9921875,1.0,3755.08203125,81.31419372558594,0.0,0.0,0.0,0.0,790.539306640625,327.7726135253906,11.885625839233398,19.765226364135746,0.0057307048700749,1.0,0.0,5655.8173828125,11.83898639678955,339.84967041015625,0.0,1.0000001192092896,7.924896240234375,12.115105628967283,0.021269055083394,49.39395523071289,894.190673828125,0.0,0.0,969.03173828125,1.034000039100647,100.3469467163086,292.18310546875,0.0,0.0,50.0,0.0025812950916588,1176.9999527455907,2.292048215866089,23.700000762939453,0.0,1310.5,0.0,790.539306640625,12.07706069946289,49.9948616027832,-0.0025818482972681,1290.911376953125,790.539306640625,277.3235778808594,114276.53125,12970.546875,16515.818359375,0.0439999997615814,0.0,2608.82763671875,670.0,100.34693908691406,-0.0,327.73455810546875,0.0692613720893859,0.0,0,200.0,68.69999694824219,1911.861572265625,0.0,33031.63671875,2905.0439453125,67.0248031616211,0.0,145.8350372314453,0.0010999999940395,0.0,0.0,0.0,50.604122161865234,0.0,292.2210388183594,0.0,-5.532056093215942e-07,0.0,0.0,0.0999999940395355,0.9067617654800416,0.0,2.7876203603227623e-06,50.0,68.69999694824219,31.002721786499023,100.0,1933.931640625,0.0,50.0,50.0,309.977783203125,1600.0,3835.569091796875,0.0,67.04117584228516,Reactor Scram,550.258544921875
1912.0003662109373,1.0,3755.25146484375,81.2506103515625,0.0,0.0,0.0,0.0,790.5465698242188,327.7726135253906,11.88575267791748,20.10694694519043,0.005829491186887,1.0,0.0,5655.8173828125,11.839021682739258,339.78271484375,0.0,1.0000001192092896,7.924896240234375,12.048136711120604,0.021269055083394,50.247554779052734,907.52685546875,0.0,0.0,969.0335693359376,1.034000039100647,100.34864044189452,292.1829528808594,0.0,0.0,50.0,0.0025931149721145,1176.9999527455907,2.292013168334961,23.700000762939453,0.0,1310.5,0.0,790.5466918945312,12.010125160217283,49.99501419067383,-0.0025932772550731,1290.91748046875,790.5465698242188,277.1422424316406,114276.53125,13194.794921875,16515.818359375,0.0439999997615814,0.0,2609.252197265625,680.0,100.34847259521484,-0.0,327.7345886230469,0.0704559311270713,0.0,0,200.0,68.69999694824219,1911.8653564453125,0.0,33031.63671875,2905.08837890625,67.0246810913086,0.0,145.7117462158203,0.0010999999940395,0.0,0.0,0.0,50.60527420043945,0.0,292.2207946777344,0.0,-1.6222475096583366e-07,0.0,0.0,0.0999999940395355,0.9067617654800416,0.0,3.25568680636934e-06,50.0,68.69999694824219,30.546573638916016,100.0,1933.9449462890625,0.0,50.0,50.0,309.9776916503906,1600.0,3835.5654296875,0.0,67.04102325439453,Reactor Scram,550.2621459960938
1912.00146484375,1.0,3755.382080078125,81.18717956542969,0.0,0.0,0.0,0.0,790.546875,327.7726135253906,11.885892868041992,20.448400497436523,0.0059281992726027,1.0,0.0,5655.8173828125,11.83905792236328,339.716064453125,0.0,1.0000001192092896,7.924896240234375,11.98137092590332,0.021269055083394,51.1004753112793,920.863037109375,0.0,0.0,969.0361938476562,1.034000039100647,100.34857177734376,292.18292236328125,0.0,0.0,50.0,0.0025931149721145,1176.9999527455907,2.2920114994049072,23.700000762939453,0.0,1310.5,0.0,790.546875,11.943461418151855,49.99544906616211,-0.002593811135739,1290.9241943359375,790.546875,276.96148681640625,114276.53125,13418.8671875,16515.818359375,0.0439999997615814,0.0,2609.673828125,690.0,100.34854125976562,-0.0,327.73468017578125,0.0716495364904403,0.0,0,200.0,68.69999694824219,1911.8677978515625,0.0,33031.63671875,2905.09033203125,67.02461242675781,0.0,145.5888671875,0.0010999999940395,0.0,0.0,0.0,50.60689926147461,0.0,292.220703125,0.0,-6.962218321859837e-07,0.0,0.0,0.0999999940395355,0.9067617654800416,0.0,4.16332522945595e-06,50.0,68.69999694824219,30.0918197631836,100.0,1933.95654296875,0.0,50.0,50.0,309.9776916503906,1600.0,3835.563232421875,0.0,67.04092407226562,Reactor Scram,550.2622680664062
1912.0047607421875,1.0,3755.498291015625,81.12384033203125,0.0,0.0,0.0,0.0,790.5517578125,327.77252197265625,11.8860445022583,20.789588928222656,0.0060268300585448,1.0,0.0,5655.8173828125,11.83909511566162,339.6495056152344,0.0,1.0000001192092896,7.924896240234375,11.914774894714355,0.021269055083394,51.95274353027344,934.19921875,0.0,0.0,969.0364379882812,1.034000039100647,100.34962463378906,292.1828918457031,0.0,0.0,50.0,0.0026009948924183,1176.9999527455907,2.291987895965576,23.700000762939453,0.0,1310.5,0.0,790.5517578125,11.876967430114746,49.99568557739258,-0.0026015015318989,1290.9306640625,790.5517578125,276.7811889648437,114276.53125,13642.7626953125,16515.818359375,0.0439999997615814,0.0,2610.09423828125,700.0,100.34957885742188,-0.0,327.7347106933594,0.0728422105312347,0.0,0,200.0,68.69999694824219,1911.8687744140625,0.0,33031.63671875,2905.120361328125,67.02452850341797,0.0,145.4662628173828,0.0010999999940395,0.0,0.0,0.0,50.60845947265625,0.0,292.2206420898437,0.0,-5.067558959126472e-07,0.0,0.0,0.0999999940395355,0.9067617654800416,0.0,3.3417481972719543e-06,50.0,68.69999694824219,29.63823699951172,100.0,1933.96728515625,0.0,50.0,50.0,309.9776306152344,1600.0,3835.56201171875,0.0,67.04080963134766,Reactor Scram,550.2647094726562
1912.0047607421875,1.0,3755.58740234375,81.06076049804688,0.0,0.0,0.0,0.0,790.5528564453125,327.77252197265625,11.886199951171877,21.130510330200195,0.0061253844760358,1.0,0.0,5655.8173828125,11.839131355285645,339.58331298828125,0.0,1.0000001192092896,7.924896240234375,11.848551750183104,0.021269055083394,52.80434036254883,947.535400390625,0.0,0.0,969.0353393554688,1.034000039100647,100.35082244873048,292.1827697753906,0.0,0.0,50.0,0.0026128145400434,1176.9999527455907,2.2919821739196777,23.700000762939453,0.0,1310.5,0.0,790.5535888671875,11.81077766418457,49.9961051940918,-0.0026032105088233,1290.9371337890625,790.5528564453125,276.6014404296875,114276.53125,13866.484375,16515.818359375,0.0439999997615814,0.0,2610.51123046875,710.0,100.34982299804688,-0.0,327.7347717285156,0.0740339681506156,0.0,0,200.0,68.69999694824219,1911.872802734375,0.0,33031.63671875,2905.12744140625,67.02445220947266,0.0,145.3442840576172,0.0010999999940395,0.0,0.0,0.0,50.6102180480957,0.0,292.220458984375,0.0,9.604089427739382e-06,0.0,0.0,0.0999999940395355,0.9067617654800416,0.0,-2.190098484788905e-06,50.0,68.69999694824219,29.18601417541504,100.0,1933.96923828125,0.0,50.0,50.0,309.9775390625,1600.0,3835.557861328125,0.0,67.04071807861328,Reactor Scram,550.2651977539062
1912.0074462890625,1.0,3755.667236328125,80.99827575683594,0.0,0.0,0.0,0.0,790.5594482421875,327.77252197265625,11.886362075805664,21.47117042541504,0.0062238629907369,1.0,0.0,5655.8173828125,11.839167594909668,339.51776123046875,0.0,1.0000001192092896,7.924896240234375,11.78300666809082,0.021269055083394,53.65528869628906,960.87158203125,0.0,0.0,969.0392456054688,1.034000039100647,100.3511962890625,292.18267822265625,0.0,0.0,50.0,0.0026128145400434,1176.9999527455907,2.2919509410858154,23.700000762939453,0.0,1310.5,0.0,790.5594482421875,11.745232582092283,49.99626922607422,-0.0026135712396353,1290.943603515625,790.5594482421875,276.42236328125,114276.53125,14090.03515625,16515.818359375,0.0439999997615814,0.0,2610.92333984375,720.0,100.3511962890625,-0.0,327.7347717285156,0.075224794447422,0.0,0,200.0,68.69999694824219,1911.8743896484373,0.0,33031.63671875,2905.167236328125,67.02435302734375,0.0,145.22352600097656,0.0010999999940395,0.0,0.0,0.0,50.61182403564453,0.0,292.2203063964844,0.0,-7.566413842141628e-07,0.0,0.0,0.0999999940395355,0.9067617654800416,0.0,3.620208872234798e-06,50.0,68.69999694824219,28.735536575317383,100.0,1933.9830322265625,0.0,50.0,50.0,309.9775390625,1600.0,3835.556396484375,0.0,67.04059600830078,Reactor Scram,550.2684936523438
1912.00390625,1.0,3755.717041015625,80.93614959716797,0.0,0.0,0.0,0.0,790.5594482421875,327.77252197265625,11.88652515411377,21.811567306518555,0.0063222669996321,1.0,0.0,5655.8173828125,11.839204788208008,339.4526672363281,0.0,1.0000001192092896,7.924896240234375,11.71783447265625,0.021269055083394,54.50557708740234,974.207763671875,0.0,0.0,969.041748046875,1.034000039100647,100.35116577148438,292.1826171875,0.0,0.0,50.0,0.0026128145400434,1176.9999527455907,2.2919509410858154,23.700000762939453,0.0,1310.5,0.0,790.5594482421875,11.680129051208496,49.99676132202149,-0.0026135712396353,1290.9500732421875,790.5594482421875,276.24383544921875,114276.53125,14313.416015625,16515.818359375,0.0439999997615814,0.0,2611.331787109375,730.0,100.3511962890625,-0.0,327.7348327636719,0.0764147192239761,0.0,0,200.0,68.69999694824219,1911.8797607421875,0.0,33031.63671875,2905.167236328125,67.0242919921875,0.0,145.10357666015625,0.0010999999940395,0.0,0.0,0.0,50.61372375488281,0.0,292.22021484375,0.0,-7.566413842141628e-07,0.0,0.0,0.0999999940395355,0.9067617654800416,0.0,4.720247034128988e-06,50.0,68.69999694824219,28.28641891479492,100.0,1933.9901123046875,0.0,50.0,50.0,309.9775390625,1600.0,3835.55126953125,0.0,67.04051208496094,Reactor Scram,550.2684936523438
1912.0003662109373,1.0,3755.7587890625,80.87432098388672,0.0,0.0,0.0,0.0,790.561279296875,327.77252197265625,11.886683464050291,22.15170288085937,0.0064205951057374,1.0,0.0,5655.8173828125,11.839241027832031,339.387939453125,0.0,1.0000001192092896,7.924896240234375,11.653036117553713,0.021269055083394,55.35521697998047,987.5439453125,0.0,0.0,969.0404052734376,1.034000039100647,100.35221099853516,292.1825866699219,0.0,0.0,50.0,0.0026206944603472,1176.9999527455907,2.2919418811798096,23.700000762939453,0.0,1310.5,0.0,790.561767578125,11.615397453308104,49.997100830078125,-0.0026164550799876,1290.9564208984375,790.561279296875,276.0657958984375,114276.53125,14536.623046875,16515.818359375,0.0439999997615814,0.0,2611.737060546875,740.0,100.35159301757812,-0.0,327.7348937988281,0.0776037201285362,0.0,0,200.0,68.69999694824219,1911.8797607421875,0.0,33031.63671875,2905.1787109375,67.02424621582031,0.0,144.98434448242188,0.0010999999940395,0.0,0.0,0.0,50.61549377441406,0.0,292.2201232910156,0.0,4.239322151988745e-06,0.0,0.0,0.0999999940395355,0.9067617654800416,0.0,-1.917079089253093e-06,50.0,68.69999694824219,27.83843231201172,100.0,1933.9923095703125,0.0,50.0,50.0,309.9774475097656,1600.0,3835.55126953125,0.0,67.04044342041016,Reactor Scram,550.2694091796875
1911.9976806640625,1.0,3755.788818359375,80.81302642822266,0.0,0.0,0.0,0.0,790.5643310546875,327.77252197265625,11.886839866638184,22.4915828704834,0.0065188477747142,1.0,0.0,5655.8173828125,11.839276313781738,339.3238220214844,0.0,1.0000001192092896,7.924896240234375,11.58891487121582,0.021269055083394,56.20420837402344,1000.880126953125,0.0,0.0,969.0427856445312,1.034000039100647,100.35224151611328,292.1825561523437,0.0,0.0,50.0,0.0026206944603472,1176.9999527455907,2.2919270992279053,23.700000762939453,0.0,1310.5,0.0,790.5643310546875,11.551276206970217,49.99741744995117,-0.0026212616357952,1290.9627685546875,790.5643310546875,275.8883361816406,114276.53125,14759.6630859375,16515.818359375,0.0439999997615814,0.0,2612.137939453125,750.0,100.35223388671876,-0.0,327.7348937988281,0.078791819512844,0.0,0,200.0,68.69999694824219,1911.8826904296875,0.0,33031.63671875,2905.197265625,67.02418518066406,0.0,144.86619567871094,0.0010999999940395,0.0,0.0,0.0,50.617183685302734,0.0,292.2200622558594,0.0,-5.671754479408264e-07,0.0,0.0,0.0999999940395355,0.9067617654800416,0.0,1.6279923329420851e-06,50.0,68.69999694824219,27.39204406738281,100.0,1934.0010986328125,0.0,50.0,50.0,309.9774475097656,1600.0,3835.54833984375,0.0,67.04035949707031,Reactor Scram,550.2708740234375
1911.9925537109373,1.0,3755.803466796875,80.75205993652344,0.0,0.0,0.0,0.0,790.5643310546875,327.77252197265625,11.88698959350586,22.831199645996094,0.0066170264035463,1.0,0.0,5655.8173828125,11.839306831359863,339.26007080078125,0.0,1.0000001192092896,7.924896240234375,11.52513313293457,0.021269055083394,57.05255889892578,1014.21630859375,0.0,0.0,969.0438842773438,1.034000039100647,100.35224151611328,292.1825256347656,0.0,0.0,50.0,0.0026206944603472,1176.9999527455907,2.2919270992279053,23.700000762939453,0.0,1310.5,0.0,790.5643310546875,11.487528800964355,49.99779510498047,-0.0026212616357952,1290.9693603515625,790.5643310546875,275.7111511230469,114276.53125,14982.5302734375,16515.818359375,0.0439999997615814,0.0,2612.534912109375,760.0,100.35223388671876,-0.0,327.73492431640625,0.0799790173768997,0.0,0,200.0,68.69999694824219,1911.8839111328125,0.0,33031.63671875,2905.197265625,67.02413177490234,0.0,144.748779296875,0.0010999999940395,0.0,0.0,0.0,50.61893081665039,0.0,292.2200012207031,0.0,-5.671754479408264e-07,0.0,0.0,0.0999999940395355,0.9067617654800416,0.0,9.995719807420757e-08,50.0,68.69999694824219,26.94631767272949,100.0,1934.0064697265625,0.0,50.0,50.0,309.9774475097656,1600.0,3835.546875,0.0,67.04029846191406,Reactor Scram,550.2708740234375
1911.9906005859373,1.0,3755.81591796875,80.69145202636719,0.0,0.0,0.0,0.0,790.5679321289062,327.77252197265625,11.88713264465332,23.17056465148925,0.006715131457895,1.0,0.0,5655.8173828125,11.839336395263672,339.1967468261719,0.0,1.0000001192092896,7.924896240234375,11.46182632446289,0.021269055083394,57.9002685546875,1027.5521240234375,0.0,0.0,969.0439453125,1.034000039100647,100.35340881347656,292.1824645996094,0.0,0.0,50.0,0.0026285743806511,1176.9999527455907,2.291909694671631,23.700000762939453,0.0,1310.5,0.0,790.5681762695312,11.424221992492676,49.9980354309082,-0.002626922680065,1290.9755859375,790.5679321289062,275.5339050292969,114276.53125,15205.232421875,16515.818359375,0.0439999997615814,0.0,2612.928955078125,770.0,100.35299682617188,-0.0,327.73492431640625,0.0811653211712837,0.0,0,200.0,68.69999694824219,1911.888916015625,0.0,33031.63671875,2905.21923828125,67.02408599853516,0.0,144.63217163085938,0.0010999999940395,0.0,0.0,0.0,50.62042617797852,0.0,292.219970703125,0.0,1.6515841707587242e-06,0.0,0.0,0.0999999940395355,0.9067617654800416,0.0,4.413998794916552e-06,50.0,68.69999694824219,26.50042152404785,100.0,1934.00439453125,0.0,50.0,50.0,309.9773864746094,1600.0,3835.5419921875,0.0,67.04023742675781,Reactor Scram,550.2726440429688
1911.985595703125,1.0,3755.814697265625,80.63141632080078,0.0,0.0,0.0,0.0,790.5693359375,327.77252197265625,11.887269973754885,23.50967788696289,0.0068131620064377,1.0,0.0,5655.8173828125,11.839365005493164,339.13409423828125,0.0,1.0000001192092896,7.924896240234375,11.399163246154783,0.021269055083394,58.747344970703125,1040.8870849609375,0.0,0.0,969.0462646484376,1.034000039100647,100.35328674316406,292.18243408203125,0.0,0.0,50.0,0.0026285743806511,1176.9999527455907,2.291903018951416,23.700000762939453,0.0,1310.5,0.0,790.5693359375,11.36155891418457,49.99833679199219,-0.0026291657704859,1290.9818115234375,790.5693359375,275.3572998046875,114276.53125,15427.7685546875,16515.818359375,0.0439999997615814,0.0,2613.318115234375,780.0,100.3532943725586,-0.0,327.73492431640625,0.0823507532477378,0.0,0,200.0,68.69999694824219,1911.8917236328125,0.0,33031.63671875,2905.227783203125,67.02401733398438,0.0,144.51669311523438,0.0010999999940395,0.0,0.0,0.0,50.62197113037109,0.0,292.2198791503906,0.0,-5.914480425417423e-07,0.0,0.0,0.0999999940395355,0.9067617654800416,0.0,3.7623628941219054e-06,50.0,68.69999694824219,26.056161880493164,100.0,1934.01171875,0.0,50.0,50.0,309.9773864746094,1600.0,3835.53955078125,0.0,67.0401611328125,Reactor Scram,550.2733764648438
1911.9793701171875,1.0,3755.8046875,80.5716781616211,0.0,0.0,0.0,0.0,790.5693359375,327.77252197265625,11.887398719787598,23.848539352416992,0.0069111217744648,1.0,0.0,5655.8173828125,11.839391708374023,339.0718078613281,0.0,1.0000001192092896,7.924896240234375,11.336874008178713,0.021269055083394,59.59379577636719,1054.2220458984375,0.0,0.0,969.0472412109376,1.034000039100647,100.35328674316406,292.182373046875,0.0,0.0,50.0,0.0026285743806511,1176.9999527455907,2.291903018951416,23.700000762939453,0.0,1310.5,0.0,790.5693359375,11.299269676208496,49.99867248535156,-0.0026291657704859,1290.9881591796875,790.5693359375,275.1811828613281,114276.53125,15650.138671875,16515.818359375,0.0439999997615814,0.0,2613.7041015625,790.0,100.3532943725586,-0.0,327.73492431640625,0.0835352838039398,0.0,0,200.0,68.69999694824219,1911.8939208984373,0.0,33031.63671875,2905.227783203125,67.02399444580078,0.0,144.4019317626953,0.0010999999940395,0.0,0.0,0.0,50.62347412109375,0.0,292.2198486328125,0.0,-5.914480425417423e-07,0.0,0.0,0.0999999940395355,0.9067617654800416,0.0,-4.054432338307379e-06,50.0,68.69999694824219,25.613037109375,100.0,1934.013671875,0.0,50.0,50.0,309.9773864746094,1600.0,3835.537353515625,0.0,67.04012298583984,Reactor Scram,550.2733764648438
1911.9749755859373,1.0,3755.79345703125,80.51228332519531,0.0,0.0,0.0,0.0,790.5703125,327.7724304199219,11.8875150680542,24.18714904785156,0.0070090084336698,1.0,0.0,5655.8173828125,11.8394136428833,339.0098876953125,0.0,1.0000001192092896,7.924896240234375,11.274956703186035,0.021269055083394,60.43962097167969,1067.5570068359375,0.0,0.0,969.0458984375,1.034000039100647,100.35417175292967,292.182373046875,0.0,0.0,50.0,0.0026364543009549,1176.9999527455907,2.291898012161255,23.700000762939453,0.0,1310.5,0.0,790.5707397460938,11.237454414367676,49.99892807006836,-0.0026306610088795,1290.9942626953125,790.5703125,275.0054931640625,114276.53125,15872.3427734375,16515.818359375,0.0439999997615814,0.0,2614.086669921875,800.0,100.35350799560548,-0.0,327.73492431640625,0.0847189500927925,0.0,0,200.0,68.69999694824219,1911.896484375,0.0,33031.63671875,2905.234130859375,67.0239486694336,0.0,144.28790283203125,0.0010999999940395,0.0,0.0,0.0,50.62477493286133,0.0,292.2198181152344,0.0,5.793117452412844e-06,0.0,0.0,0.0999999940395355,0.9067617654800416,0.0,4.122552581975469e-06,50.0,68.69999694824219,25.171062469482425,100.0,1934.0103759765625,0.0,50.0,50.0,309.9773254394531,1600.0,3835.534423828125,0.0,67.04006958007812,Reactor Scram,550.2738037109375
1911.9727783203125,1.0,3755.783935546875,80.45346069335938,0.0,0.0,0.0,0.0,790.5742797851562,327.7724304199219,11.887622833251951,24.525510787963867,0.0071068219840526,1.0,0.0,5655.8173828125,11.839434623718262,338.9486083984375,0.0,1.0000001192092896,7.924896240234375,11.21368408203125,0.021269055083394,61.28482818603516,1080.8919677734375,0.0,0.0,969.04833984375,1.034000039100647,100.3543701171875,292.182373046875,0.0,0.0,50.0,0.0026364543009549,1176.9999527455907,2.291879177093506,23.700000762939453,0.0,1310.5,0.0,790.5742797851562,11.17618179321289,49.999019622802734,-0.0026369628030806,1291.0003662109375,790.5742797851562,274.8304443359375,114276.53125,16094.3876953125,16515.818359375,0.0439999997615814,0.0,2614.46484375,810.0,100.35433959960938,-0.0,327.73492431640625,0.0859017446637153,0.0,0,200.0,68.69999694824219,1911.8980712890625,0.0,33031.63671875,2905.258056640625,67.02387237548828,0.0,144.17501831054688,0.0010999999940395,0.0,0.0,0.0,50.62586975097656,0.0,292.2198181152344,0.0,-5.086767487227917e-07,0.0,0.0,0.0999999940395355,0.9067617654800416,0.0,-2.6797210921358783e-06,50.0,68.69999694824219,24.73065757751465,100.0,1934.0146484375,0.0,50.0,50.0,309.9773254394531,1600.0,3835.533203125,0.0,67.03998565673828,Reactor Scram,550.2758178710938
1911.967041015625,1.0,3755.76513671875,80.39495086669922,0.0,0.0,0.0,0.0,790.5742797851562,327.7724304199219,11.887721061706545,24.863624572753903,0.0072045652195811,1.0,0.0,5655.8173828125,11.83945655822754,338.88775634765625,0.0,1.0000001192092896,7.924896240234375,11.15281867980957,0.021269055083394,62.1294174194336,1094.2269287109375,0.0,0.0,969.0494995117188,1.034000039100647,100.3543701171875,292.182373046875,0.0,0.0,50.0,0.0026364543009549,1176.9999527455907,2.291879177093506,23.700000762939453,0.0,1310.5,0.0,790.5742797851562,11.115316390991213,49.99931335449219,-0.0026369628030806,1291.006591796875,790.5742797851562,274.6558532714844,114276.53125,16316.267578125,16515.818359375,0.0439999997615814,0.0,2614.83984375,820.0,100.35433959960938,-0.0,327.73492431640625,0.0870836824178695,0.0,0,200.0,68.69999694824219,1911.9005126953125,0.0,33031.63671875,2905.258056640625,67.02384185791016,0.0,144.06288146972656,0.0010999999940395,0.0,0.0,0.0,50.62699508666992,0.0,292.2198181152344,0.0,-5.086767487227917e-07,0.0,0.0,0.0999999940395355,0.9067617654800416,0.0,1.2265667237443267e-06,50.0,68.69999694824219,24.29143714904785,100.0,1934.0184326171875,0.0,50.0,50.0,309.9773254394531,1600.0,3835.530517578125,0.0,67.03994750976562,Reactor Scram,550.2758178710938
1911.9613037109373,1.0,3755.74609375,80.33663177490234,0.0,0.0,0.0,0.0,790.5742797851562,327.7724304199219,11.88780689239502,25.201494216918945,0.0073022376745939,1.0,0.0,5655.8173828125,11.83947467803955,338.8270874023437,0.0,1.0000001192092896,7.924896240234375,11.092156410217283,0.021269055083394,62.973392486572266,1107.5618896484375,0.0,0.0,969.0504760742188,1.034000039100647,100.3543701171875,292.182373046875,0.0,0.0,50.0,0.0026364543009549,1176.9999527455907,2.291879177093506,23.700000762939453,0.0,1310.5,0.0,790.5742797851562,11.054654121398926,49.99953842163086,-0.0026369628030806,1291.0128173828125,790.5742797851562,274.4816589355469,114276.53125,16537.98828125,16515.818359375,0.0439999997615814,0.0,2615.212646484375,830.0,100.35433959960938,-0.0,327.73492431640625,0.0882647484540939,0.0,0,200.0,68.69999694824219,1911.904052734375,0.0,33031.63671875,2905.258056640625,67.02381896972656,0.0,143.95111083984375,0.0010999999940395,0.0,0.0,0.0,50.62799835205078,0.0,292.2198181152344,0.0,-5.086767487227917e-07,0.0,0.0,0.0999999940395355,0.9067617654800416,0.0,1.0994735930580646e-06,50.0,68.69999694824219,23.853233337402344,100.0,1934.0196533203125,0.0,50.0,50.0,309.9773254394531,1600.0,3835.52685546875,0.0,67.03990936279297,Reactor Scram,550.2758178710938
1911.96142578125,1.0,3755.736083984375,80.2784652709961,0.0,0.0,0.0,0.0,790.5790405273438,327.7724609375,11.887882232666016,25.53911781311035,0.0073998398147523,1.0,0.0,5655.8173828125,11.839487075805664,338.76666259765625,0.0,1.0000001192092896,7.924896240234375,11.031698226928713,0.021269055083394,63.81675720214844,1120.8968505859375,0.0,0.0,969.0493774414062,1.034000039100647,100.35548400878906,292.1822204589844,0.0,0.0,50.0,0.0026443339884281,1176.9999527455907,2.291856050491333,23.700000762939453,0.0,1310.5,0.0,790.5791015625,10.994194984436035,49.99949645996094,-0.0026444396935403,1291.0186767578125,790.5790405273438,274.3079528808594,114276.53125,16759.546875,16515.818359375,0.0439999997615814,0.0,2615.583740234375,840.0,100.3553466796875,-0.0,327.7349548339844,0.0894449725747108,0.0,0,200.0,68.69999694824219,1911.904296875,0.0,33031.63671875,2905.287353515625,67.02375030517578,0.0,143.83973693847656,0.0010999999940395,0.0,0.0,0.0,50.62866973876953,0.0,292.2196960449219,0.0,-1.0564690455794334e-07,0.0,0.0,0.0999999940395355,0.9067617654800416,0.0,1.0147159912321513e-07,50.0,68.69999694824219,23.41620635986328,100.0,1934.01904296875,0.0,50.0,50.0,309.9772644042969,1600.0,3835.52685546875,0.0,67.03983306884766,Reactor Scram,550.2781372070312
1911.9566650390625,1.0,3755.718505859375,80.22057342529297,0.0,0.0,0.0,0.0,790.5792846679688,327.7724609375,11.887948036193848,25.876495361328125,0.0074973697774112,1.0,0.0,5655.8173828125,11.839502334594728,338.70654296875,0.0,1.0000001192092896,7.924896240234375,10.97157859802246,0.021269055083394,64.6595230102539,1134.2318115234375,0.0,0.0,969.0516357421876,1.034000039100647,100.35543060302734,292.18218994140625,0.0,0.0,50.0,0.0026443339884281,1176.9999527455907,2.2918546199798584,23.700000762939453,0.0,1310.5,0.0,790.5792846679688,10.934075355529783,49.99968719482422,-0.0026448669377714,1291.024658203125,790.5792846679688,274.134765625,114276.53125,16980.9453125,16515.818359375,0.0439999997615814,0.0,2615.951904296875,850.0,100.35540771484376,-0.0,327.7349548339844,0.0906243398785591,0.0,0,200.0,68.69999694824219,1911.9080810546875,0.0,33031.63671875,2905.2890625,67.02369689941406,0.0,143.7289581298828,0.0010999999940395,0.0,0.0,0.0,50.6294059753418,0.0,292.2196655273437,0.0,-5.329493433237076e-07,0.0,0.0,0.0999999940395355,0.9067617654800416,0.0,8.228286674238916e-07,50.0,68.69999694824219,22.980512619018555,100.0,1934.0228271484373,0.0,50.0,50.0,309.9772644042969,1600.0,3835.52294921875,0.0,67.0397720336914,Reactor Scram,550.2782592773438
1911.9512939453125,1.0,3755.701171875,80.16268920898438,0.0,0.0,0.0,0.0,790.5792846679688,327.7724609375,11.8880033493042,26.2136344909668,0.0075948303565382,1.0,0.0,5655.8173828125,11.839517593383787,338.646484375,0.0,1.0000001192092896,7.924896240234375,10.911526679992676,0.021269055083394,65.50166320800781,1147.5667724609375,0.0,0.0,969.052734375,1.034000039100647,100.35543060302734,292.1821594238281,0.0,0.0,50.0,0.0026443339884281,1176.9999527455907,2.2918546199798584,23.700000762939453,0.0,1310.5,0.0,790.5792846679688,10.8740234375,49.99989700317383,-0.0026448669377714,1291.03076171875,790.5792846679688,273.9619445800781,114276.53125,17202.185546875,16515.818359375,0.0439999997615814,0.0,2616.318603515625,860.0,100.35540771484376,-0.0,327.7349548339844,0.0918028727173805,0.0,0,200.0,68.69999694824219,1911.9097900390625,0.0,33031.63671875,2905.2890625,67.02367401123047,0.0,143.61830139160156,0.0010999999940395,0.0,0.0,0.0,50.63005065917969,0.0,292.2196044921875,0.0,-5.329493433237076e-07,0.0,0.0,0.0999999940395355,0.9067617654800416,0.0,-4.070431259606266e-06,50.0,68.69999694824219,22.54575538635254,100.0,1934.0242919921875,0.0,50.0,50.0,309.9772644042969,1600.0,3835.521240234375,0.0,67.03974151611328,Reactor Scram,550.2782592773438
1911.9521484375,1.0,3755.695556640625,80.10498046875,0.0,0.0,0.0,0.0,790.5845336914062,327.7724609375,11.888049125671388,26.5505313873291,0.0076922206208109,1.0,0.0,5655.8173828125,11.83952808380127,338.58660888671875,0.0,1.0000001192092896,7.924896240234375,10.85161018371582,0.021269055083394,66.34319305419922,1160.9017333984375,0.0,0.0,969.0516357421876,1.034000039100647,100.35718536376952,292.1820678710937,0.0,0.0,50.0,0.0026561538688838,1176.9999527455907,2.2918293476104736,23.700000762939453,0.0,1310.5,0.0,790.5850219726562,10.814141273498535,49.99982452392578,-0.0026530916802585,1291.0364990234375,790.5845336914062,273.7895202636719,114276.53125,17423.265625,16515.818359375,0.0439999997615814,0.0,2616.68359375,870.0,100.35651397705078,-0.0,327.7349853515625,0.0929805189371109,0.0,0,200.0,68.69999694824219,1911.9124755859373,0.0,33031.63671875,2905.321044921875,67.02359008789062,0.0,143.50802612304688,0.0010999999940395,0.0,0.0,0.0,50.63034057617188,0.0,292.21954345703125,0.0,3.0621886253356934e-06,0.0,0.0,0.0999999940395355,0.9067617654800416,0.0,4.876647835772019e-06,50.0,68.69999694824219,22.112064361572266,100.0,1934.0213623046875,0.0,50.0,50.0,309.9771423339844,1600.0,3835.5185546875,0.0,67.03965759277344,Reactor Scram,550.2808227539062
1911.9500732421875,1.0,3755.686767578125,80.04766845703125,0.0,0.0,0.0,0.0,790.5869750976562,327.7724609375,11.888084411621094,26.887178421020508,0.0077895415015518,1.0,0.0,5655.8173828125,11.83953857421875,338.5272216796875,0.0,1.0000001192092896,7.924896240234375,10.792236328125,0.021269055083394,67.18412780761719,1174.2366943359375,0.0,0.0,969.0540771484376,1.034000039100647,100.35700225830078,292.1820373535156,0.0,0.0,50.0,0.0026561538688838,1176.9999527455907,2.2918176651000977,23.700000762939453,0.0,1310.5,0.0,790.5869750976562,10.754767417907717,49.99986267089844,-0.0026569368783384,1291.042236328125,790.5869750976562,273.6177978515625,114276.53125,17644.185546875,16515.818359375,0.0439999997615814,0.0,2617.04541015625,880.0,100.35702514648438,-0.0,327.7349853515625,0.0941573530435562,0.0,0,200.0,68.69999694824219,1911.9122314453125,0.0,33031.63671875,2905.3359375,67.02351379394531,0.0,143.39857482910156,0.0010999999940395,0.0,0.0,0.0,50.630653381347656,0.0,292.219482421875,0.0,-7.830094546079636e-07,0.0,0.0,0.0999999940395355,0.9067617654800416,0.0,-3.865829057758674e-06,50.0,68.69999694824219,21.679994583129883,100.0,1934.0283203125,0.0,50.0,50.0,309.9771423339844,1600.0,3835.5185546875,0.0,67.03956604003906,Reactor Scram,550.2820434570312
1911.9471435546875,1.0,3755.677490234375,79.99038696289062,0.0,0.0,0.0,0.0,790.5869750976562,327.7724609375,11.888110160827637,27.22359085083008,0.007886791601777,1.0,0.0,5655.8173828125,11.839545249938965,338.4679260253906,0.0,1.0000001192092896,7.924896240234375,10.73293113708496,0.021269055083394,68.02445983886719,1187.5716552734375,0.0,0.0,969.0552978515624,1.034000039100647,100.35700225830078,292.1820068359375,0.0,0.0,50.0,0.0026561538688838,1176.9999527455907,2.2918176651000977,23.700000762939453,0.0,1310.5,0.0,790.5869750976562,10.695462226867676,49.999977111816406,-0.0026569368783384,1291.04833984375,790.5869750976562,273.4464111328125,114276.53125,17864.951171875,16515.818359375,0.0439999997615814,0.0,2617.405517578125,890.0,100.35702514648438,-0.0,327.7349853515625,0.0953333377838134,0.0,0,200.0,68.69999694824219,1911.917236328125,0.0,33031.63671875,2905.3359375,67.02347564697266,0.0,143.289306640625,0.0010999999940395,0.0,0.0,0.0,50.63093566894531,0.0,292.219482421875,0.0,-7.830094546079636e-07,0.0,0.0,0.0999999940395355,0.9067617654800416,0.0,4.9360160119249485e-06,50.0,68.69999694824219,21.24887657165528,100.0,1934.030029296875,0.0,50.0,50.0,309.9771423339844,1600.0,3835.513671875,0.0,67.03951263427734,Reactor Scram,550.2820434570312
1911.9437255859373,1.0,3755.670654296875,79.93317413330078,0.0,0.0,0.0,0.0,790.5869750976562,327.7724609375,11.888129234313965,27.55976104736328,0.007983973249793,1.0,0.0,5655.8173828125,11.83955192565918,338.4087219238281,0.0,1.0000001192092896,7.924896240234375,10.67372703552246,0.021269055083394,68.86418914794922,1200.9066162109375,0.0,0.0,969.056396484375,1.034000039100647,100.35700225830078,292.1819763183594,0.0,0.0,50.0,0.0026561538688838,1176.9999527455907,2.2918176651000977,23.700000762939453,0.0,1310.5,0.0,790.5869750976562,10.636258125305176,50.00007629394531,-0.0026569368783384,1291.0543212890625,790.5869750976562,273.27545166015625,114276.53125,18085.552734375,16515.818359375,0.0439999997615814,0.0,2617.764404296875,900.0,100.35702514648438,-0.0,327.7349853515625,0.0965084806084632,0.0,0,200.0,68.69999694824219,1911.9195556640625,0.0,33031.63671875,2905.3359375,67.0234603881836,0.0,143.18023681640625,0.0010999999940395,0.0,0.0,0.0,50.63114547729492,0.0,292.2194519042969,0.0,-7.830094546079636e-07,0.0,0.0,0.0999999940395355,0.9067617654800416,0.0,-3.1701238185632974e-06,50.0,68.69999694824219,20.81868934631348,100.0,1934.031982421875,0.0,50.0,50.0,309.9771423339844,1600.0,3835.51123046875,0.0,67.03948974609375,Reactor Scram,550.2820434570312
1911.9412841796875,1.0,3755.669189453125,79.87609100341797,0.0,0.0,0.0,0.0,790.5878295898438,327.7724609375,11.888138771057127,27.895692825317383,0.0080810859799385,1.0,0.0,5655.8173828125,11.839559555053713,338.3497314453125,0.0,1.0000001192092896,7.924896240234375,10.614726066589355,0.021269055083394,69.70333099365234,1214.2415771484375,0.0,0.0,969.0552368164062,1.034000039100647,100.35787963867188,292.1819152832031,0.0,0.0,50.0,0.002664033556357,1176.9999527455907,2.2918131351470947,23.700000762939453,0.0,1310.5,0.0,790.5883178710938,10.57725715637207,50.00015258789063,-0.0026583252474665,1291.060302734375,790.5878295898438,273.1048278808594,114276.53125,18306.001953125,16515.818359375,0.0439999997615814,0.0,2618.121826171875,910.0,100.3572235107422,-0.0,327.7349853515625,0.0976827591657638,0.0,0,200.0,68.69999694824219,1911.9222412109373,0.0,33031.63671875,2905.341552734375,67.02342224121094,0.0,143.07147216796875,0.0010999999940395,0.0,0.0,0.0,50.631195068359375,0.0,292.21942138671875,0.0,5.708425305783749e-06,0.0,0.0,0.0999999940395355,0.9067617654800416,0.0,-2.1642852061631856e-06,50.0,68.69999694824219,20.389467239379883,100.0,1934.0291748046875,0.0,50.0,50.0,309.9770812988281,1600.0,3835.509033203125,0.0,67.03944396972656,Reactor Scram,550.282470703125
1911.9417724609373,1.0,3755.677490234375,79.81926727294922,0.0,0.0,0.0,0.0,790.5918579101562,327.7724609375,11.888139724731444,28.23138236999512,0.0081781269982457,1.0,0.0,5655.8173828125,11.839566230773926,338.2909851074219,0.0,1.0000001192092896,7.924896240234375,10.555996894836426,0.021269055083394,70.54185485839844,1227.5765380859375,0.0,0.0,969.0576782226562,1.034000039100647,100.35807800292967,292.1819152832031,0.0,0.0,50.0,0.002664033556357,1176.9999527455907,2.2917940616607666,23.700000762939453,0.0,1310.5,0.0,790.5918579101562,10.51852798461914,50.00006103515625,-0.0026646272744983,1291.0660400390625,790.5918579101562,272.9347229003906,114276.53125,18526.2890625,16515.818359375,0.0439999997615814,0.0,2618.4765625,920.0,100.35806274414062,-0.0,327.7349853515625,0.0988562330603599,0.0,0,200.0,68.69999694824219,1911.92236328125,0.0,33031.63671875,2905.365966796875,67.02334594726562,0.0,142.96327209472656,0.0010999999940395,0.0,0.0,0.0,50.63104248046875,0.0,292.2193603515625,0.0,-5.935435183346272e-07,0.0,0.0,0.0999999940395355,0.9067617654800416,0.0,-1.7279060102737276e-06,50.0,68.69999694824219,19.96156311035156,100.0,1934.0369873046875,0.0,50.0,50.0,309.9770812988281,1600.0,3835.508544921875,0.0,67.03936004638672,Reactor Scram,550.2844848632812
1911.9390869140625,1.0,3755.681640625,79.76250457763672,0.0,0.0,0.0,0.0,790.5918579101562,327.7724609375,11.888134002685549,28.56683349609375,0.0082751009613275,1.0,0.0,5655.8173828125,11.83957290649414,338.2323913574219,0.0,1.0000001192092896,7.924896240234375,10.497403144836426,0.021269055083394,71.37979888916016,1240.9114990234375,0.0,0.0,969.0602416992188,1.034000039100647,100.35807800292967,292.1818542480469,0.0,0.0,50.0,0.002664033556357,1176.9999527455907,2.2917940616607666,23.700000762939453,0.0,1310.5,0.0,790.5918579101562,10.45993423461914,50.00019073486328,-0.0026646272744983,1291.0718994140625,790.5918579101562,272.7650146484375,114276.53125,18746.42578125,16515.818359375,0.0439999997615814,0.0,2618.830078125,930.0,100.35806274414062,-0.0,327.7349853515625,0.100028857588768,0.0,0,200.0,68.69999694824219,1911.9276123046875,0.0,33031.63671875,2905.365966796875,67.02330017089844,0.0,142.8553009033203,0.0010999999940395,0.0,0.0,0.0,50.630950927734375,0.0,292.21929931640625,0.0,-5.935435183346272e-07,0.0,0.0,0.0999999940395355,0.9067617654800416,0.0,-3.25791177147039e-07,50.0,68.69999694824219,19.534639358520508,100.0,1934.039306640625,0.0,50.0,50.0,309.9770812988281,1600.0,3835.50341796875,0.0,67.03929901123047,Reactor Scram,550.2844848632812
1911.941162109375,1.0,3755.69677734375,79.70588684082031,0.0,0.0,0.0,0.0,790.5950927734375,327.7724609375,11.888120651245115,28.90204620361328,0.0083720060065388,1.0,0.0,5655.8173828125,11.83957290649414,338.1739807128906,0.0,1.0000001192092896,7.924896240234375,10.438944816589355,0.021269055083394,72.21714782714844,1254.2464599609375,0.0,0.0,969.05908203125,1.034000039100647,100.3592300415039,292.18182373046875,0.0,0.0,50.0,0.0026719132438302,1176.9999527455907,2.291778326034546,23.700000762939453,0.0,1310.5,0.0,790.595458984375,10.40151023864746,50.00006484985352,-0.0026697542052716,1291.0775146484375,790.5950927734375,272.595703125,114276.53125,18966.400390625,16515.818359375,0.0439999997615814,0.0,2619.181396484375,940.0,100.35875701904295,-0.0,327.7350158691406,0.1012006700038909,0.0,0,200.0,68.69999694824219,1911.92919921875,0.0,33031.63671875,2905.385986328125,67.02325439453125,0.0,142.74765014648438,0.0010999999940395,0.0,0.0,0.0,50.63064956665039,0.0,292.21923828125,0.0,2.159213181585073e-06,0.0,0.0,0.0999999940395355,0.9067617654800416,0.0,1.7559571006131591e-06,50.0,68.69999694824219,19.10869407653809,100.0,1934.0400390625,0.0,50.0,50.0,309.9770202636719,1600.0,3835.501708984375,0.0,67.03924560546875,Reactor Scram,550.2860717773438
1911.9417724609373,1.0,3755.713134765625,79.64952087402344,0.0,0.0,0.0,0.0,790.5968627929688,327.7724609375,11.888102531433104,29.23702621459961,0.0084688421338796,1.0,0.0,5655.8173828125,11.839574813842772,338.1158447265625,0.0,1.0000001192092896,7.924896240234375,10.380825996398926,0.021269055083394,73.05388641357422,1267.5814208984375,0.0,0.0,969.0618896484376,1.034000039100647,100.359130859375,292.1817626953125,0.0,0.0,50.0,0.0026719132438302,1176.9999527455907,2.2917697429656982,23.700000762939453,0.0,1310.5,0.0,790.5968627929688,10.343390464782717,50.00005722045898,-0.0026725311763584,1291.0833740234375,790.5968627929688,272.4269104003906,114276.53125,19186.2265625,16515.818359375,0.0439999997615814,0.0,2619.53076171875,950.0,100.35912322998048,-0.0,327.7350158691406,0.1023716032505035,0.0,0,200.0,68.69999694824219,1911.9326171875,0.0,33031.63671875,2905.396728515625,67.02318572998047,0.0,142.6405487060547,0.0010999999940395,0.0,0.0,0.0,50.630332946777344,0.0,292.2192077636719,0.0,-6.178161129355431e-07,0.0,0.0,0.0999999940395355,0.9067617654800416,0.0,3.2682460187061224e-06,50.0,68.69999694824219,18.684066772460938,100.0,1934.04541015625,0.0,50.0,50.0,309.9770202636719,1600.0,3835.49853515625,0.0,67.0391616821289,Reactor Scram,550.2869262695312
1911.9415283203125,1.0,3755.729248046875,79.59318542480469,0.0,0.0,0.0,0.0,790.5968627929688,327.7724609375,11.888078689575195,29.571762084960938,0.0085656093433499,1.0,0.0,5655.8173828125,11.839574813842772,338.05780029296875,0.0,1.0000001192092896,7.924896240234375,10.32277488708496,0.021269055083394,73.89004516601562,1280.9163818359375,0.0,0.0,969.0631103515624,1.034000039100647,100.359130859375,292.1817321777344,0.0,0.0,50.0,0.0026719132438302,1176.9999527455907,2.2917697429656982,23.700000762939453,0.0,1310.5,0.0,790.5968627929688,10.28533935546875,50.00007247924805,-0.0026725311763584,1291.089111328125,790.5968627929688,272.25848388671875,114276.53125,19405.888671875,16515.818359375,0.0439999997615814,0.0,2619.878662109375,960.0,100.35912322998048,-0.0,327.7350158691406,0.1035417467355728,0.0,0,200.0,68.69999694824219,1911.9339599609373,0.0,33031.63671875,2905.396728515625,67.02315521240234,0.0,142.53359985351562,0.0010999999940395,0.0,0.0,0.0,50.63005065917969,0.0,292.2191467285156,0.0,-6.178161129355431e-07,0.0,0.0,0.0999999940395355,0.9067617654800416,0.0,1.3040117892160197e-06,50.0,68.69999694824219,18.26032066345215,100.0,1934.051025390625,0.0,50.0,50.0,309.9770202636719,1600.0,3835.4970703125,0.0,67.03912353515625,Reactor Scram,550.2869262695312
1911.9462890625,1.0,3755.759765625,79.53709411621094,0.0,0.0,0.0,0.0,790.6017456054688,327.7724609375,11.888050079345703,29.906265258789062,0.0086623076349496,1.0,0.0,5655.8173828125,11.83957290649414,338.0000305175781,0.0,1.0000001192092896,7.924896240234375,10.264994621276855,0.021269055083394,74.72561645507812,1294.2513427734375,0.0,0.0,969.0634155273438,1.034000039100647,100.36021423339844,292.1816711425781,0.0,0.0,50.0,0.002679793164134,1176.9999527455907,2.2917463779449463,23.700000762939453,0.0,1310.5,0.0,790.601806640625,10.22756004333496,49.99985504150391,-0.0026802218053489,1291.0948486328125,790.6017456054688,272.0904846191406,114276.53125,19625.400390625,16515.818359375,0.0439999997615814,0.0,2620.224609375,970.0,100.3601531982422,-0.0,327.7350158691406,0.1047110557556152,0.0,0,200.0,68.69999694824219,1911.934326171875,0.0,33031.63671875,2905.426513671875,67.02307891845703,0.0,142.4271697998047,0.0010999999940395,0.0,0.0,0.0,50.629493713378906,0.0,292.2190856933594,0.0,-4.285247996449472e-07,0.0,0.0,0.0999999940395355,0.9067617654800416,0.0,3.1818831303098705e-06,50.0,68.69999694824219,17.83771324157715,100.0,1934.0523681640625,0.0,50.0,50.0,309.9769592285156,1600.0,3835.49609375,0.0,67.0390396118164,Reactor Scram,550.2893676757812
1911.9468994140625,1.0,3755.783203125,79.48117065429688,0.0,0.0,0.0,0.0,790.601806640625,327.7724609375,11.888018608093262,30.240535736083984,0.008758938871324,1.0,0.0,5655.8173828125,11.839571952819824,337.9424743652344,0.0,1.0000001192092896,7.924896240234375,10.207451820373535,0.021269055083394,75.56057739257812,1307.5863037109375,0.0,0.0,969.0647583007812,1.034000039100647,100.36017608642578,292.181640625,0.0,0.0,50.0,0.002679793164134,1176.9999527455907,2.291745901107788,23.700000762939453,0.0,1310.5,0.0,790.601806640625,10.17001724243164,49.9998779296875,-0.0026803284417837,1291.1005859375,790.601806640625,271.9229736328125,114276.53125,19844.7578125,16515.818359375,0.0439999997615814,0.0,2620.568115234375,980.0,100.36016845703124,-0.0,327.7350158691406,0.1058795526623725,0.0,0,200.0,68.69999694824219,1911.93798828125,0.0,33031.63671875,2905.4267578125,67.02301788330078,0.0,142.3211212158203,0.0010999999940395,0.0,0.0,0.0,50.62910461425781,0.0,292.218994140625,0.0,-5.352194420993328e-07,0.0,0.0,0.0999999940395355,0.9067617654800416,0.0,-4.394222742121201e-06,50.0,68.69999694824219,17.41622543334961,100.0,1934.0584716796875,0.0,50.0,50.0,309.9769592285156,1600.0,3835.492919921875,0.0,67.0389633178711,Reactor Scram,550.2893676757812
1911.949951171875,1.0,3755.818603515625,79.42527770996094,0.0,0.0,0.0,0.0,790.6054077148438,327.7724609375,11.887981414794922,30.574567794799805,0.008855503052473,1.0,0.0,5655.8173828125,11.839571952819824,337.8850402832031,0.0,1.0000001192092896,7.924896240234375,10.149977684020996,0.021269055083394,76.39498138427734,1320.9212646484375,0.0,0.0,969.0650024414062,1.034000039100647,100.3613510131836,292.1815795898437,0.0,0.0,50.0,0.0026876728516072,0.0,2.2917284965515137,23.700000762939453,0.0,1310.5,0.0,790.605712890625,10.112576484680176,49.99972534179688,-0.0026859894860535,1291.1060791015625,790.6054077148438,271.7557373046875,114276.53125,20063.958984375,16515.818359375,0.0439999997615814,0.0,2620.910888671875,990.0,100.3609390258789,-0.0,327.7350769042969,0.1070472225546836,0.0,0,200.0,68.69999694824219,1911.9381103515625,0.0,33031.63671875,2905.44921875,67.02296447753906,0.0,142.2002410888672,0.0010999999940395,0.0,0.0,0.0,50.62850570678711,0.0,292.21893310546875,0.0,1.6833655536174774e-06,0.0,0.0,0.0999999940395355,0.9067617654800416,0.0,4.851063749811146e-06,50.0,68.69999694824219,16.995615005493164,100.0,1934.0601806640625,0.0,50.0,50.0,309.97686767578125,1600.0,3835.49267578125,0.0,67.03890228271484,Reactor Scram,550.2911376953125
1912.1260986328125,1.0,3756.2109375,79.23728942871094,0.0,0.0,0.0,0.0,790.7900390625,327.77056884765625,11.887933731079102,30.908063888549805,0.0089519117027521,1.0,0.0,5655.8173828125,11.839574813842772,337.68634033203125,0.0,1.0000001192092896,7.924896240234375,9.953104972839355,0.021269055083394,77.22802734375,1334.2562255859375,0.0,0.0,969.0364379882812,1.034000039100647,100.40626525878906,292.17926025390625,0.0,0.0,50.0,0.0029673976823687,0.0,2.290836811065674,23.700000762939453,0.0,1310.5,0.0,790.7946166992188,9.915771484375,49.99199295043945,-0.0029767304658889,1291.115478515625,790.7900390625,271.6188659667969,114276.53125,20282.810546875,16515.818359375,0.0439999997615814,0.0,2622.061279296875,1000.0,100.4000015258789,-0.0,327.7332458496094,0.1082129925489425,0.0,0,200.0,68.69999694824219,1911.9449462890625,0.0,33031.63671875,2906.580078125,67.02140808105469,0.0,141.8465576171875,0.0010999999940395,0.0,0.0,0.0,50.61991500854492,0.0,292.21661376953125,0.0,-9.332899935543535e-06,0.0,0.0,0.0999999940395355,0.9067617654800416,0.0,2.630062226671725e-06,50.0,68.69999694824219,16.651243209838867,100.0,1934.0064697265625,0.0,50.0,50.0,309.9744873046875,1600.0,3835.486328125,0.0,67.03730773925781,Reactor Scram,550.3822021484375
1912.0792236328125,1.0,3756.16015625,79.05693054199219,0.0,0.0,0.0,0.0,790.7337036132812,327.7713317871094,11.88790798187256,31.240795135498047,0.0090480968356132,1.0,0.0,5655.8173828125,11.839614868164062,337.49078369140625,0.0,1.0000001192092896,7.924896240234375,9.75677490234375,0.021269055083394,78.05915832519531,1347.5911865234375,0.0,0.0,969.0687866210938,1.034000039100647,100.38926696777344,292.1788024902344,0.0,0.0,50.0,0.0029240609146654,0.0,2.291107416152954,23.700000762939453,0.0,1310.5,0.0,790.7345581054688,9.719442367553713,49.99494934082031,-0.0028880769386887,1291.1331787109375,790.7337036132812,271.48907470703125,114276.53125,20501.154296875,16515.818359375,0.0439999997615814,0.0,2623.152587890625,1010.0,100.3881378173828,-0.0,327.7340087890625,0.1093761250376701,0.0,0,200.0,68.69999694824219,1911.955322265625,0.0,33031.63671875,2906.236572265625,67.02104187011719,0.0,141.50558471679688,0.0010999999940395,0.0,0.0,0.0,50.62199783325195,0.0,292.21612548828125,0.0,3.5984034184366465e-05,0.0,0.0,0.0999999940395355,0.9067617654800416,0.0,-6.229259952306165e-07,50.0,68.69999694824219,16.324743270874023,100.0,1934.0743408203125,0.0,50.0,50.0,309.974853515625,1600.0,3835.475830078125,0.0,67.03689575195312,Reactor Scram,550.3543090820312
1912.1273193359373,1.0,3756.3125,78.87533569335938,0.0,0.0,0.0,0.0,790.7821044921875,327.77117919921875,11.887863159179688,31.5727653503418,0.0091440649703145,1.0,0.0,5655.8173828125,11.83965015411377,337.2943115234375,0.0,1.0000001192092896,7.924896240234375,9.56041145324707,0.021269055083394,78.88841247558594,1360.9261474609375,0.0,0.0,969.0811767578124,1.034000039100647,100.3969497680664,292.1781005859375,0.0,0.0,50.0,0.0029398198239505,0.0,2.2908759117126465,23.700000762939453,0.0,1310.5,0.0,790.7810668945312,9.52314567565918,49.993385314941406,-0.0029642335139214,1291.150146484375,790.7821044921875,271.3595275878906,114276.53125,20719.005859375,16515.818359375,0.0439999997615814,0.0,2624.24267578125,1020.0,100.39828491210938,-0.0,327.7339172363281,0.1105365827679634,0.0,0,200.0,68.69999694824219,1911.9613037109373,0.0,33031.63671875,2906.5302734375,67.02053833007812,0.0,141.16346740722656,0.0010999999940395,0.0,0.0,0.0,50.61935806274414,0.0,292.21539306640625,0.0,-2.441368997097016e-05,0.0,0.0,0.0999999940395355,0.9067617654800416,0.0,-2.527065817048424e-06,50.0,68.69999694824219,15.998808860778809,100.0,1934.1036376953125,0.0,50.0,50.0,309.9747009277344,1600.0,3835.469970703125,0.0,67.0363540649414,Reactor Scram,550.3783569335938
1912.1226806640625,1.0,3756.37109375,78.69384002685547,0.0,0.0,0.0,0.0,790.7736206054688,327.7713317871094,11.887807846069336,31.90396881103516,0.0092398105189204,1.0,0.0,5655.8173828125,11.839693069458008,337.0985717773437,0.0,1.0000001192092896,7.924896240234375,9.36445426940918,0.021269055083394,79.71575927734375,1374.2611083984375,0.0,0.0,969.080078125,1.034000039100647,100.39908599853516,292.1778869628906,0.0,0.0,50.0,0.0029713371768593,0.0,2.2909152507781982,23.700000762939453,0.0,1310.5,0.0,790.7755126953125,9.32722282409668,49.99430847167969,-0.0029508820734918,1291.168212890625,790.7736206054688,271.2312927246094,114276.53125,20936.3515625,16515.818359375,0.0439999997615814,0.0,2625.322265625,1030.0,100.39656066894533,-0.0,327.7341003417969,0.1116943806409835,0.0,0,200.0,68.69999694824219,1911.9683837890625,0.0,33031.63671875,2906.48046875,67.02029418945312,0.0,140.82235717773438,0.0010999999940395,0.0,0.0,0.0,50.6190299987793,0.0,292.2151184082031,0.0,2.0454986952245235e-05,0.0,0.0,0.0999999940395355,0.9067617654800416,0.0,8.008611303012003e-07,50.0,68.69999694824219,15.67624855041504,100.0,1934.1058349609373,0.0,50.0,50.0,309.97442626953125,1600.0,3835.46240234375,0.0,67.03607940673828,Reactor Scram,550.3740234375
1912.1365966796875,1.0,3756.4755859375,78.51258850097656,0.0,0.0,0.0,0.0,790.787353515625,327.7713317871094,11.887742042541504,32.23441696166992,0.0093353381380438,1.0,0.0,5655.8173828125,11.839734077453612,336.90350341796875,0.0,1.0000001192092896,7.924896240234375,9.169379234313965,0.021269055083394,80.54119110107422,1387.5960693359375,0.0,0.0,969.0908813476562,1.034000039100647,100.39940643310548,292.1776733398437,0.0,0.0,50.0,0.0029713371768593,0.0,2.2908496856689453,23.700000762939453,0.0,1310.5,0.0,790.787353515625,9.132147789001465,49.99429321289063,-0.0029725646600127,1291.1859130859375,790.787353515625,271.1043701171875,114276.53125,21153.205078125,16515.818359375,0.0439999997615814,0.0,2626.39208984375,1040.0,100.3994369506836,-0.0,327.7341003417969,0.1128495037555694,0.0,0,200.0,68.69999694824219,1911.9774169921875,0.0,33031.63671875,2906.563720703125,67.02003479003906,0.0,140.4825439453125,0.0010999999940395,0.0,0.0,0.0,50.61762619018555,0.0,292.2148742675781,0.0,-1.2275995686650276e-06,0.0,0.0,0.0999999940395355,0.9067617654800416,0.0,-4.808882749784971e-06,50.0,68.69999694824219,15.356898307800291,100.0,1934.1328125,0.0,50.0,50.0,309.97442626953125,1600.0,3835.45361328125,0.0,67.03577423095703,Reactor Scram,550.3809204101562
1912.1365966796875,1.0,3756.56201171875,78.33108520507812,0.0,0.0,0.0,0.0,790.7870483398438,327.7713317871094,11.887664794921877,32.56410598754883,0.0094306441023945,1.0,0.0,5655.8173828125,11.839776992797852,336.7086486816406,0.0,1.0000001192092896,7.924896240234375,8.97443962097168,0.021269055083394,81.36471557617188,1400.9310302734375,0.0,0.0,969.0960693359376,1.034000039100647,100.39932250976562,292.1775817871094,0.0,0.0,50.0,0.0029713371768593,0.0,2.29085111618042,23.700000762939453,0.0,1310.5,0.0,790.7870483398438,8.937310218811035,49.994873046875,-0.0029720307793468,1291.2044677734375,790.7870483398438,270.9784545898437,114276.53125,21369.548828125,16515.818359375,0.0439999997615814,0.0,2627.4541015625,1050.0,100.3993682861328,-0.0,327.7342224121094,0.1140019819140434,0.0,0,200.0,68.69999694824219,1911.9833984375,0.0,33031.63671875,2906.561767578125,67.01988220214844,0.0,140.14308166503906,0.0010999999940395,0.0,0.0,0.0,50.61670684814453,0.0,292.21466064453125,0.0,-6.936024874448776e-07,0.0,0.0,0.0999999940395355,0.9067617654800416,0.0,-1.8454137489243288e-06,50.0,68.69999694824219,15.040109634399414,100.0,1934.1513671875,0.0,50.0,50.0,309.97442626953125,1600.0,3835.447509765625,0.0,67.03558349609375,Reactor Scram,550.3807373046875
1912.142578125,1.0,3756.671142578125,78.14939880371094,0.0,0.0,0.0,0.0,790.7943725585938,327.7713317871094,11.887577056884766,32.893028259277344,0.0095257302746176,1.0,0.0,5655.8173828125,11.83981990814209,336.5140991210937,0.0,1.0000001192092896,7.924896240234375,8.779873847961426,0.021269055083394,82.18634033203125,1414.2659912109375,0.0,0.0,969.0991821289062,1.034000039100647,100.40103149414062,292.17742919921875,0.0,0.0,50.0,0.0029831563588231,0.0,2.290815830230713,23.700000762939453,0.0,1310.5,0.0,790.79443359375,8.742743492126465,49.995155334472656,-0.0029835663735866,1291.22265625,790.7943725585938,270.853515625,114276.53125,21585.40234375,16515.818359375,0.0439999997615814,0.0,2628.509033203125,1060.0,100.40091705322266,-0.0,327.7342224121094,0.1151517778635025,0.0,0,200.0,68.69999694824219,1911.99072265625,0.0,33031.63671875,2906.6064453125,67.01971435546875,0.0,139.80409240722656,0.0010999999940395,0.0,0.0,0.0,50.61531066894531,0.0,292.2144775390625,0.0,-4.100147634744644e-07,0.0,0.0,0.0999999940395355,0.9067617654800416,0.0,2.4989154212562426e-07,50.0,68.69999694824219,14.72581958770752,100.0,1934.163818359375,0.0,50.0,50.0,309.9743347167969,1600.0,3835.4404296875,0.0,67.03536987304688,Reactor Scram,550.3843383789062
1912.1474609375,1.0,3756.7880859375,77.96770477294922,0.0,0.0,0.0,0.0,790.8012084960938,327.7713928222656,11.88747787475586,33.22117614746094,0.0096205929294228,1.0,0.0,5655.8173828125,11.839861869812012,336.3199768066406,0.0,1.0000001192092896,7.924896240234375,8.58568000793457,0.021269055083394,83.00604248046875,1427.6009521484375,0.0,0.0,969.1024780273438,1.034000039100647,100.4026870727539,292.1772766113281,0.0,0.0,50.0,0.0029949750751256,0.0,2.2907826900482178,23.700000762939453,0.0,1310.5,0.0,790.8013916015625,8.548583984375,49.99546432495117,-0.0029943545814603,1291.2408447265625,790.8012084960938,270.7297058105469,114276.53125,21800.74609375,16515.818359375,0.0439999997615814,0.0,2629.554931640625,1070.0,100.4023666381836,-0.0,327.7342834472656,0.116298884153366,0.0,0,200.0,68.69999694824219,1911.9998779296875,0.0,33031.63671875,2906.6484375,67.01954650878906,0.0,139.4658660888672,0.0010999999940395,0.0,0.0,0.0,50.613800048828125,0.0,292.2142333984375,0.0,6.206100806593895e-07,0.0,0.0,0.0999999940395355,0.9067617654800416,0.0,-1.202571070280101e-06,50.0,68.69999694824219,14.414358139038086,100.0,1934.1788330078125,0.0,50.0,50.0,309.9742431640625,1600.0,3835.43115234375,0.0,67.03514099121094,Reactor Scram,550.3876953125
1912.1519775390625,1.0,3756.91357421875,77.78604125976562,0.0,0.0,0.0,0.0,790.8092041015625,327.7715148925781,11.887372016906738,33.5485725402832,0.0097152376547455,1.0,0.0,5655.8173828125,11.83990478515625,336.12628173828125,0.0,1.0000001192092896,7.924896240234375,8.391690254211426,0.021269055083394,83.8238525390625,1440.9359130859375,0.0,0.0,969.1052856445312,1.034000039100647,100.4048843383789,292.1767883300781,0.0,0.0,50.0,0.0030107337515801,0.0,2.290744066238404,23.700000762939453,0.0,1310.5,0.0,790.809814453125,8.354763984680176,49.99566650390625,-0.0030069581698626,1291.258544921875,790.8092041015625,270.6070556640625,114276.53125,22015.58984375,16515.818359375,0.0439999997615814,0.0,2630.592529296875,1080.0,100.40406799316406,-0.0,327.7345886230469,0.1174433305859565,0.0,0,200.0,68.69999694824219,1912.0064697265625,0.0,33031.63671875,2906.69775390625,67.01934814453125,0.0,139.12844848632812,0.0010999999940395,0.0,0.0,0.0,50.61219024658203,0.0,292.2137145996094,0.0,3.775698132812977e-06,0.0,0.0,0.0999999940395355,0.9067617654800416,0.0,-1.339062237093458e-06,50.0,68.69999694824219,14.105757713317873,100.0,1934.18994140625,0.0,50.0,50.0,309.9740905761719,1600.0,3835.42431640625,0.0,67.034912109375,Reactor Scram,550.3916625976562
1912.1517333984373,1.0,3757.037841796875,77.60445404052734,0.0,0.0,0.0,0.0,790.8121337890625,327.7716064453125,11.887259483337402,33.875205993652344,0.0098096607252955,1.0,0.0,5655.8173828125,11.839945793151855,335.93316650390625,0.0,1.0000001192092896,7.924896240234375,8.19837760925293,0.021269055083394,84.63975524902344,1454.2708740234375,0.0,0.0,969.1092529296876,1.034000039100647,100.4048080444336,292.1765441894531,0.0,0.0,50.0,0.0030186132062226,0.0,2.290729761123657,23.700000762939453,0.0,1310.5,0.0,790.8121948242188,8.161553382873535,49.99609756469727,-0.0030115509871393,1291.276611328125,790.8121337890625,270.4855651855469,114276.53125,22229.93359375,16515.818359375,0.0439999997615814,0.0,2631.621337890625,1090.0,100.4046859741211,-0.0,327.7348022460937,0.1185851320624351,0.0,0,200.0,68.69999694824219,1912.012451171875,0.0,33031.63671875,2906.715576171875,67.0191879272461,0.0,138.79200744628906,0.0010999999940395,0.0,0.0,0.0,50.61069869995117,0.0,292.21337890625,0.0,7.062102667987347e-06,0.0,0.0,0.0999999940395355,0.9067617654800416,0.0,-3.2913608265516814e-06,50.0,68.69999694824219,13.80013656616211,100.0,1934.2080078125,0.0,50.0,50.0,309.9740295410156,1600.0,3835.4189453125,0.0,67.03469848632812,Reactor Scram,550.39306640625
1912.1588134765625,1.0,3757.1806640625,77.42298126220703,0.0,0.0,0.0,0.0,790.8219604492188,327.7716064453125,11.887140274047852,34.20106887817383,0.0099038621410727,1.0,0.0,5655.8173828125,11.839981079101562,335.7406005859375,0.0,1.0000001192092896,7.924896240234375,8.00581169128418,0.021269055083394,85.45375061035156,1467.6058349609375,0.0,0.0,969.11376953125,1.034000039100647,100.40684509277344,292.1763916015625,0.0,0.0,50.0,0.0030264924280345,0.0,2.290682554244995,23.700000762939453,0.0,1310.5,0.0,790.822021484375,7.968987464904785,49.99620819091797,-0.0030270386487245,1291.294677734375,790.8219604492188,270.3651733398437,114276.53125,22443.7734375,16515.818359375,0.0439999997615814,0.0,2632.64111328125,1100.0,100.4067611694336,-0.0,327.7348022460937,0.119724228978157,0.0,0,200.0,68.69999694824219,1912.0218505859373,0.0,33031.63671875,2906.775634765625,67.01898956298828,0.0,138.45660400390625,0.0010999999940395,0.0,0.0,0.0,50.608829498291016,0.0,292.213134765625,0.0,-5.462206900119781e-07,0.0,0.0,0.0999999940395355,0.9067617654800416,0.0,7.776533266223851e-07,50.0,68.69999694824219,13.497268676757812,100.0,1934.226806640625,0.0,50.0,50.0,309.9739685058594,1600.0,3835.408935546875,0.0,67.0344467163086,Reactor Scram,550.39794921875
1912.1573486328125,1.0,3757.314208984375,77.24335479736328,0.0,0.0,0.0,0.0,790.8228149414062,327.7716064453125,11.887017250061035,34.52617263793945,0.0099978456273674,1.0,0.0,5655.8173828125,11.84001636505127,335.55047607421875,0.0,1.0000001192092896,7.924896240234375,7.8155517578125,0.021269055083394,86.26583862304688,1480.9407958984375,0.0,0.0,969.116455078125,1.034000039100647,100.40762329101562,292.17626953125,0.0,0.0,50.0,0.003034371882677,0.0,2.290678024291992,23.700000762939453,0.0,1310.5,0.0,790.8233032226562,7.778862953186035,49.99664688110352,-0.0030284272506833,1291.312744140625,790.8228149414062,270.245849609375,114276.53125,22657.123046875,16515.818359375,0.0439999997615814,0.0,2633.642578125,1110.0,100.4069595336914,-0.0,327.73492431640625,0.1208606883883476,0.0,0,200.0,68.69999694824219,1912.030029296875,0.0,33031.63671875,2906.781494140625,67.01885223388672,0.0,138.1255645751953,0.0010999999940395,0.0,0.0,0.0,50.6073112487793,0.0,292.21295166015625,0.0,5.9445155784487724e-06,0.0,0.0,0.0999999940395355,0.9067617654800416,0.0,-7.19163722351368e-07,50.0,68.69999694824219,13.197076797485352,100.0,1934.2406005859373,0.0,50.0,50.0,309.9739074707031,1600.0,3835.40087890625,0.0,67.03424835205078,Reactor Scram,550.3983764648438
1912.1572265625,1.0,3757.458984375,77.06604766845703,0.0,0.0,0.0,0.0,790.8269653320312,327.7716064453125,11.88688850402832,34.850528717041016,0.0100916111841797,1.0,0.0,5655.8173828125,11.840052604675291,335.3632507324219,0.0,1.0000001192092896,7.924896240234375,7.628208160400391,0.021269055083394,87.0760498046875,1494.2757568359375,0.0,0.0,969.12158203125,1.034000039100647,100.40782165527344,292.1761779785156,0.0,0.0,50.0,0.003034371882677,0.0,2.2906582355499268,23.700000762939453,0.0,1310.5,0.0,790.8269653320312,7.591620922088623,49.99696731567383,-0.0030349427834153,1291.3304443359375,790.8269653320312,270.1272277832031,114276.53125,22869.97265625,16515.818359375,0.0439999997615814,0.0,2634.62353515625,1120.0,100.40782165527344,-0.0,327.7350158691406,0.1219945400953292,0.0,0,200.0,68.69999694824219,1912.0357666015625,0.0,33031.63671875,2906.806396484375,67.01870727539062,0.0,137.799560546875,0.0010999999940395,0.0,0.0,0.0,50.60558319091797,0.0,292.2127685546875,0.0,-5.710171535611153e-07,0.0,0.0,0.0999999940395355,0.9067617654800416,0.0,-2.016470034504892e-06,50.0,68.69999694824219,12.89869499206543,100.0,1934.2596435546875,0.0,50.0,50.0,309.9739074707031,1600.0,3835.39501953125,0.0,67.03407287597656,Reactor Scram,550.4004516601562
1912.15771484375,1.0,3757.60986328125,76.89097595214844,0.0,0.0,0.0,0.0,790.8319091796875,327.7716369628906,11.886757850646973,35.17414093017578,0.0101851634681224,1.0,0.0,5655.8173828125,11.840086936950684,335.17877197265625,0.0,1.0000001192092896,7.924896240234375,7.443644523620605,0.021269055083394,87.88442993164062,1507.6107177734375,0.0,0.0,969.1256103515624,1.034000039100647,100.40892791748048,292.1760559082031,0.0,0.0,50.0,0.0030422508716583,0.0,2.2906343936920166,23.700000762939453,0.0,1310.5,0.0,790.8319702148438,7.407124996185303,49.99723052978516,-0.0030427400488406,1291.3477783203125,790.8319091796875,270.0088195800781,114276.53125,23082.33984375,16515.818359375,0.0439999997615814,0.0,2635.58447265625,1130.0,100.40886688232422,-0.0,327.7351379394531,0.123125821352005,0.0,0,200.0,68.69999694824219,1912.0435791015625,0.0,33031.63671875,2906.836669921875,67.01856231689453,0.0,137.47837829589844,0.0010999999940395,0.0,0.0,0.0,50.60381317138672,0.0,292.2125244140625,0.0,-4.89293597638607e-07,0.0,0.0,0.0999999940395355,0.9067617654800416,0.0,-4.8336241889046505e-06,50.0,68.69999694824219,12.600790023803713,100.0,1934.27685546875,0.0,50.0,50.0,309.97381591796875,1600.0,3835.3876953125,0.0,67.03386688232422,Reactor Scram,550.4028930664062
1912.1610107421875,1.0,3757.76904296875,76.71807861328125,0.0,0.0,0.0,0.0,790.8388061523438,327.7716979980469,11.886625289916992,35.49702453613281,0.0102785024791955,1.0,0.0,5655.8173828125,11.840115547180176,334.9970397949219,0.0,1.0000001192092896,7.924896240234375,7.261793613433838,0.021269055083394,88.69097137451172,1520.9456787109375,0.0,0.0,969.1275024414062,1.034000039100647,100.41065979003906,292.1759033203125,0.0,0.0,50.0,0.0030540695879608,0.0,2.290601253509521,23.700000762939453,0.0,1310.5,0.0,790.8390502929688,7.225341796875,49.99736404418945,-0.0030535280238837,1291.3643798828125,790.8388061523438,269.8913879394531,114276.53125,23294.220703125,16515.818359375,0.0439999997615814,0.0,2636.526123046875,1140.0,100.41032409667967,-0.0,327.7352294921875,0.124254509806633,0.0,1,200.0,68.69999694824219,1912.0521240234373,0.0,33031.63671875,2906.87890625,67.01840209960938,0.0,137.16189575195312,0.0010999999940395,0.0,0.0,0.0,50.60191345214844,0.0,292.2122802734375,0.0,5.416804924607277e-07,0.0,0.0,0.0999999940395355,0.9067617654800416,0.0,-8.659795724952347e-08,50.0,68.69999694824219,12.305370330810549,100.0,1934.2918701171875,0.0,50.0,50.0,309.9737243652344,1600.0,3835.378662109375,0.0,67.03365325927734,Reactor Scram,550.40625
1912.1610107421875,1.0,3757.92919921875,76.54608154296875,0.0,0.0,0.0,0.0,790.8423461914062,327.7716979980469,11.88648796081543,35.819183349609375,0.0103716328740119,1.0,0.0,5655.8173828125,11.840143203735352,334.81658935546875,0.0,1.0000001192092896,7.924896240234375,7.081298828125,0.021269055083394,89.49569702148438,1534.2806396484375,0.0,0.0,969.1277465820312,1.034000039100647,100.41244506835938,292.17578125,0.0,0.0,50.0,0.0030698282644152,0.0,2.290583372116089,23.700000762939453,0.0,1310.5,0.0,790.8433837890625,7.044915199279785,49.99759292602539,-0.0030591888353228,1291.3814697265625,790.8423461914062,269.7749328613281,114276.53125,23505.6328125,16515.818359375,0.0439999997615814,0.0,2637.456298828125,1150.0,100.41110229492188,-0.0,327.7352905273437,0.1253806948661804,0.0,1,200.0,68.69999694824219,1912.057861328125,0.0,33031.63671875,2906.9013671875,67.01824188232422,0.0,136.8475341796875,0.0010999999940395,0.0,0.0,0.0,50.60011291503906,0.0,292.2120666503906,0.0,1.0639429092407228e-05,0.0,0.0,0.0999999940395355,0.9067617654800416,0.0,7.293514414641322e-08,50.0,68.69999694824219,12.01242446899414,100.0,1934.304443359375,0.0,50.0,50.0,309.9736022949219,1600.0,3835.37255859375,0.0,67.033447265625,Reactor Scram,550.4080200195312
1912.1636962890625,1.0,3758.096923828125,76.37413787841797,0.0,0.0,0.0,0.0,790.8495483398438,327.7716979980469,11.886354446411133,36.140625,0.0104645565152168,1.0,0.0,5655.8173828125,11.840170860290527,334.6366271972656,0.0,1.0000001192092896,7.924896240234375,6.9012451171875,0.021269055083394,90.2986297607422,1547.6156005859375,0.0,0.0,969.135498046875,1.034000039100647,100.41260528564452,292.17559814453125,0.0,0.0,50.0,0.0030698282644152,0.0,2.2905492782592773,23.700000762939453,0.0,1310.5,0.0,790.8495483398438,6.86492919921875,49.99769973754883,-0.0030705111566931,1291.3983154296875,790.8495483398438,269.6595764160156,114276.53125,23716.568359375,16515.818359375,0.0439999997615814,0.0,2638.379150390625,1160.0,100.41260528564452,-0.0,327.7353820800781,0.1265043169260025,0.0,1,200.0,68.69999694824219,1912.0655517578125,0.0,33031.63671875,2906.94482421875,67.01806640625,0.0,136.53396606445312,0.0010999999940395,0.0,0.0,0.0,50.59819793701172,0.0,292.2118225097656,0.0,-6.827758625149727e-07,0.0,0.0,0.0999999940395355,0.9067617654800416,0.0,-1.1848793519675382e-06,50.0,68.69999694824219,11.722182273864746,100.0,1934.3297119140625,0.0,50.0,50.0,309.9736022949219,1600.0,3835.365478515625,0.0,67.03321838378906,Reactor Scram,550.41162109375
1912.1693115234373,1.0,3758.27197265625,76.20207977294922,0.0,0.0,0.0,0.0,790.8588256835938,327.7718505859375,11.886220932006836,36.46134185791016,0.0105572696775197,1.0,0.0,5655.8173828125,11.840197563171388,334.4569091796875,0.0,1.0000001192092896,7.924896240234375,6.721123695373535,0.021269055083394,91.09976196289062,1560.9505615234375,0.0,0.0,969.1375122070312,1.034000039100647,100.41488647460938,292.175048828125,0.0,0.0,50.0,0.003085586708039,0.0,2.290504217147827,23.700000762939453,0.0,1310.5,0.0,790.8590698242188,6.68504524230957,49.99771881103516,-0.0030851440969854,1291.414794921875,790.8588256835938,269.545166015625,114276.53125,23927.03125,16515.818359375,0.0439999997615814,0.0,2639.295654296875,1170.0,100.4145736694336,-0.0,327.7357788085937,0.1276254206895828,0.0,1,200.0,68.69999694824219,1912.0738525390625,0.0,33031.63671875,2907.001953125,67.01788330078125,0.0,136.22093200683594,0.0010999999940395,0.0,0.0,0.0,50.59617614746094,0.0,292.211181640625,0.0,4.4249463826417923e-07,0.0,0.0,0.0999999940395355,0.9067617654800416,0.0,6.869014441690524e-07,50.0,68.69999694824219,11.434395790100098,100.0,1934.3453369140625,0.0,50.0,50.0,309.97344970703125,1600.0,3835.357177734375,0.0,67.03297424316406,Reactor Scram,550.4161376953125
1912.1680908203125,1.0,3758.438232421875,76.02999877929688,0.0,0.0,0.0,0.0,790.8619995117188,327.7718811035156,11.886090278625488,36.78132629394531,0.0106497714295983,1.0,0.0,5655.8173828125,11.840225219726562,334.2776184082031,0.0,1.0000001192092896,7.924896240234375,6.541748046875,0.021269055083394,91.89907836914062,1574.2855224609375,0.0,0.0,969.1400146484376,1.034000039100647,100.4162368774414,292.1749267578125,0.0,0.0,50.0,0.0030974054243415,0.0,2.2904889583587646,23.700000762939453,0.0,1310.5,0.0,790.8627319335938,6.5057373046875,49.99794387817383,-0.0030900572892278,1291.431640625,790.8619995117188,269.43182373046875,114276.53125,24137.01953125,16515.818359375,0.0439999997615814,0.0,2640.205322265625,1180.0,100.41524505615234,-0.0,327.7358703613281,0.1287439912557602,0.0,1,200.0,68.69999694824219,1912.07958984375,0.0,33031.63671875,2907.021240234375,67.0177230834961,0.0,135.9085235595703,0.0010999999940395,0.0,0.0,0.0,50.5944938659668,0.0,292.2109069824219,0.0,7.348135113716125e-06,0.0,0.0,0.0999999940395355,0.9067617654800416,0.0,-4.3022828322136775e-06,50.0,68.69999694824219,11.14920711517334,100.0,1934.3609619140625,0.0,50.0,50.0,309.9733581542969,1600.0,3835.35107421875,0.0,67.03276824951172,Reactor Scram,550.4176635742188
1912.172119140625,1.0,3758.61083984375,75.85781860351562,0.0,0.0,0.0,0.0,790.8675537109375,327.7718811035156,11.885960578918455,37.10059356689453,0.0107420673593878,1.0,0.0,5655.8173828125,11.840245246887209,334.0986328125,0.0,1.0000001192092896,7.924896240234375,6.362643718719482,0.021269055083394,92.69657135009766,1587.6204833984375,0.0,0.0,969.1417846679688,1.034000039100647,100.417236328125,292.1748046875,0.0,0.0,50.0,0.0031092239078134,0.0,2.290462017059326,23.700000762939453,0.0,1310.5,0.0,790.8681640625,6.326735019683838,49.99802780151367,-0.0030988161452114,1291.4482421875,790.8675537109375,269.3194274902344,114276.53125,24346.53515625,16515.818359375,0.0439999997615814,0.0,2641.109130859375,1190.0,100.41642761230467,-0.0,327.7359924316406,0.129860058426857,0.0,1,200.0,68.69999694824219,1912.086669921875,0.0,33031.63671875,2907.0556640625,67.01754760742188,0.0,135.5966796875,0.0010999999940395,0.0,0.0,0.0,50.592681884765625,0.0,292.210693359375,0.0,1.0407879017293452e-05,0.0,0.0,0.0999999940395355,0.9067617654800416,0.0,-1.012029997582431e-06,50.0,68.69999694824219,10.86650848388672,100.0,1934.376708984375,0.0,50.0,50.0,309.9732666015625,1600.0,3835.34423828125,0.0,67.03253936767578,Reactor Scram,550.42041015625
1912.1761474609373,1.0,3758.789306640625,75.68560791015625,0.0,0.0,0.0,0.0,790.8746337890625,327.7718811035156,11.88582992553711,37.41913604736328,0.0108341518789529,1.0,0.0,5655.8173828125,11.840266227722168,333.91998291015625,0.0,1.0000001192092896,7.924896240234375,6.183980464935303,0.021269055083394,93.49229431152344,1600.9554443359375,0.0,0.0,969.1498413085938,1.034000039100647,100.4179229736328,292.1747436523437,0.0,0.0,50.0,0.0031131638679653,0.0,2.2904281616210938,23.700000762939453,0.0,1310.5,0.0,790.8746337890625,6.148105144500732,49.99806594848633,-0.0031100313644856,1291.4647216796875,790.8746337890625,269.20806884765625,114276.53125,24555.5703125,16515.818359375,0.0439999997615814,0.0,2642.006103515625,1200.0,100.41791534423828,-0.0,327.73602294921875,0.1309735774993896,0.0,1,200.0,68.69999694824219,1912.0943603515625,0.0,33031.63671875,2907.0986328125,67.01737213134766,0.0,135.2854461669922,0.0010999999940395,0.0,0.0,0.0,50.59080505371094,0.0,292.2105712890625,0.0,3.132387064397335e-06,0.0,0.0,0.0999999940395355,0.9067617654800416,0.0,-3.7321087802411057e-06,50.0,68.69999694824219,10.586343765258787,100.0,1934.4022216796875,0.0,50.0,50.0,309.97320556640625,1600.0,3835.33642578125,0.0,67.03231048583984,Reactor Scram,550.4239501953125
1912.1834716796875,1.0,3758.974853515625,75.51341247558594,0.0,0.0,0.0,0.0,790.8844604492188,327.7718505859375,11.885701179504396,37.73695373535156,0.010926030576229,1.0,0.0,5655.8173828125,11.840286254882812,333.74176025390625,0.0,1.0000001192092896,7.924896240234375,6.0056562423706055,0.021269055083394,94.28617095947266,1614.2904052734375,0.0,0.0,969.1517944335938,1.034000039100647,100.42010498046876,292.1744384765625,0.0,0.0,50.0,0.0031249823514372,0.0,2.2903807163238525,23.700000762939453,0.0,1310.5,0.0,790.8845825195312,5.969916820526123,49.99796676635742,-0.0031255190260708,1291.4814453125,790.8844604492188,269.0977478027344,114276.53125,24764.13671875,16515.818359375,0.0439999997615814,0.0,2642.896484375,1210.0,100.41999053955078,-0.0,327.7361145019531,0.1320845633745193,0.0,1,200.0,68.69999694824219,1912.103759765625,0.0,33031.63671875,2907.15869140625,67.01717376708984,0.0,134.97496032714844,0.0010999999940395,0.0,0.0,0.0,50.58882141113281,0.0,292.2101135253906,0.0,-5.367910489439964e-07,0.0,0.0,0.0999999940395355,0.9067617654800416,0.0,-2.162836153729586e-06,50.0,68.69999694824219,10.308781623840332,100.0,1934.418701171875,0.0,50.0,50.0,309.9731140136719,1600.0,3835.3271484375,0.0,67.03205108642578,Reactor Scram,550.4288330078125
1912.1866455078125,1.0,3759.151611328125,75.34110260009766,0.0,0.0,0.0,0.0,790.8897705078125,327.7718200683594,11.885578155517578,38.05405044555664,0.0110176941379904,1.0,0.0,5655.8173828125,11.84030532836914,333.5638427734375,0.0,1.0000001192092896,7.924896240234375,5.827670574188232,0.021269055083394,95.0782470703125,1627.6253662109375,0.0,0.0,969.1546630859376,1.034000039100647,100.42174530029295,292.1744079589844,0.0,0.0,50.0,0.0031368010677397,0.0,2.2903549671173096,23.700000762939453,0.0,1310.5,0.0,790.8902587890625,5.7920331954956055,49.99803161621094,-0.0031338504049926,1291.4976806640625,790.8897705078125,268.9883728027344,114276.53125,24972.220703125,16515.818359375,0.0439999997615814,0.0,2643.781005859375,1220.0,100.4211196899414,-0.0,327.7361755371094,0.1331930011510849,0.0,1,200.0,68.69999694824219,1912.108154296875,0.0,33031.63671875,2907.19140625,67.01700592041016,0.0,134.6649932861328,0.0010999999940395,0.0,0.0,0.0,50.58711624145508,0.0,292.2100524902344,0.0,2.9507791623473167e-06,0.0,0.0,0.0999999940395355,0.9067617654800416,0.0,3.3943390462809475e-06,50.0,68.69999694824219,10.03368091583252,100.0,1934.43701171875,0.0,50.0,50.0,309.9730224609375,1600.0,3835.32275390625,0.0,67.0318374633789,Reactor Scram,550.431396484375
1912.1903076171875,1.0,3759.329833984375,75.16879272460938,0.0,0.0,0.0,0.0,790.895263671875,327.7718200683594,11.885456085205078,38.37042236328125,0.0111091546714305,1.0,0.0,5655.8173828125,11.840325355529783,333.3863525390625,0.0,1.0000001192092896,7.924896240234375,5.650160312652588,0.021269055083394,95.86852264404295,1640.9603271484375,0.0,0.0,969.1588745117188,1.034000039100647,100.4227523803711,292.1743469238281,0.0,0.0,50.0,0.0031446800567209,0.0,2.2903285026550293,23.700000762939453,0.0,1310.5,0.0,790.8956298828125,5.614522457122803,49.99811935424805,-0.0031425019260495,1291.514404296875,790.895263671875,268.8800048828125,114276.53125,25179.830078125,16515.818359375,0.0439999997615814,0.0,2644.658935546875,1230.0,100.42227935791016,-0.0,327.7361755371094,0.1342989206314087,0.0,1,200.0,68.69999694824219,1912.11767578125,0.0,33031.63671875,2907.22509765625,67.01683807373047,0.0,134.35574340820312,0.0010999999940395,0.0,0.0,0.0,50.58540344238281,0.0,292.2098083496094,0.0,2.1782470867037773e-06,0.0,0.0,0.0999999940395355,0.9067617654800416,0.0,5.079275979369413e-06,50.0,68.69999694824219,9.761058807373049,100.0,1934.4554443359373,0.0,50.0,50.0,309.97296142578125,1600.0,3835.313232421875,0.0,67.03160858154297,Reactor Scram,550.43408203125
1912.1944580078125,1.0,3759.512451171875,74.99746704101562,0.0,0.0,0.0,0.0,790.9021606445312,327.7716064453125,11.885333061218262,38.686065673828125,0.0112004019320011,1.0,0.0,5655.8173828125,11.840346336364746,333.21026611328125,0.0,1.0000001192092896,7.924896240234375,5.474073886871338,0.021269055083394,96.65699005126952,1654.2952880859375,0.0,0.0,969.161865234375,1.034000039100647,100.42442321777344,292.1742553710937,0.0,0.0,50.0,0.0031564990058541,0.0,2.290295124053955,23.700000762939453,0.0,1310.5,0.0,790.9026489257812,5.4386396408081055,49.998146057128906,-0.0031533965375274,1291.5308837890625,790.9021606445312,268.7725830078125,114276.53125,25386.97265625,16515.818359375,0.0439999997615814,0.0,2645.525390625,1240.0,100.42374420166016,-0.0,327.7361755371094,0.1354023516178131,0.0,1,200.0,68.69999694824219,1912.1236572265625,0.0,33031.63671875,2907.267333984375,67.01666259765625,0.0,134.04910278320312,0.0010999999940395,0.0,0.0,0.0,50.5836181640625,0.0,292.20965576171875,0.0,3.102351911365986e-06,0.0,0.0,0.0999999940395355,0.9067617654800416,0.0,1.5891683915469912e-06,50.0,68.69999694824219,9.490767478942873,100.0,1934.4739990234373,0.0,50.0,50.0,309.97283935546875,1600.0,3835.30712890625,0.0,67.03137969970703,Reactor Scram,550.4375
1912.195068359375,1.0,3759.6865234375,74.82765197753906,0.0,0.0,0.0,0.0,790.9047241210938,327.7716064453125,11.885214805603027,39.00099182128906,0.0112914415076375,1.0,0.0,5655.8173828125,11.84036636352539,333.0361022949219,0.0,1.0000001192092896,7.924896240234375,5.299886226654053,0.021269055083394,97.44365692138672,1667.6302490234375,0.0,0.0,969.1646728515624,1.034000039100647,100.42469024658205,292.1742248535156,0.0,0.0,50.0,0.0031643779948353,0.0,2.290282726287842,23.700000762939453,0.0,1310.5,0.0,790.9049682617188,5.264485836029053,49.99832534790039,-0.0031573486048728,1291.5472412109375,790.9047241210938,268.6660461425781,114276.53125,25593.634765625,16515.818359375,0.0439999997615814,0.0,2646.378173828125,1250.0,100.42428588867188,-0.0,327.7362060546875,0.1365032196044922,0.0,1,200.0,68.69999694824219,1912.1292724609373,0.0,33031.63671875,2907.282958984375,67.01651000976562,0.0,133.74581909179688,0.0010999999940395,0.0,0.0,0.0,50.58209991455078,0.0,292.2095031738281,0.0,7.029273547232151e-06,0.0,0.0,0.0999999940395355,0.9067617654800416,0.0,4.980531116416387e-07,50.0,68.69999694824219,9.222787857055664,100.0,1934.492431640625,0.0,50.0,50.0,309.9727783203125,1600.0,3835.3017578125,0.0,67.03118133544922,Reactor Scram,550.438720703125
1912.198974609375,1.0,3759.865234375,74.65911102294922,0.0,0.0,0.0,0.0,790.90966796875,327.7716369628906,11.88510036468506,39.31521224975586,0.0113822780549526,1.0,0.0,5655.8173828125,11.840381622314451,332.8636779785156,0.0,1.0000001192092896,7.924896240234375,5.127326488494873,0.021269055083394,98.2285614013672,1680.9652099609375,0.0,0.0,969.1688842773438,1.034000039100647,100.42581176757812,292.1740417480469,0.0,0.0,50.0,0.0031761964783072,0.0,2.290258884429932,23.700000762939453,0.0,1310.5,0.0,790.9099731445312,5.09202766418457,49.99837493896485,-0.0031651458702981,1291.56298828125,790.90966796875,268.55987548828125,114276.53125,25799.8359375,16515.818359375,0.0439999997615814,0.0,2647.21826171875,1260.0,100.42533111572266,-0.0,327.7363586425781,0.1376016288995742,0.0,1,200.0,68.69999694824219,1912.138427734375,0.0,33031.63671875,2907.313232421875,67.016357421875,0.0,133.4455108642578,0.0010999999940395,0.0,0.0,0.0,50.58049774169922,0.0,292.20916748046875,0.0,1.1050491593778132e-05,0.0,0.0,0.0999999940395355,0.9067617654800416,0.0,1.930889311552164e-06,50.0,68.69999694824219,8.955659866333008,100.0,1934.5084228515625,0.0,50.0,50.0,309.9726867675781,1600.0,3835.29248046875,0.0,67.03097534179688,Reactor Scram,550.441162109375
1912.205810546875,1.0,3760.04931640625,74.49200439453125,0.0,0.0,0.0,0.0,790.9171752929688,327.7719421386719,11.884984970092772,39.62873077392578,0.0114729078486561,1.0,0.0,5655.8173828125,11.840394020080566,332.6930847167969,0.0,1.0000001192092896,7.924896240234375,4.956190586090088,0.021269055083394,99.0116958618164,1694.3001708984375,0.0,0.0,969.1744384765624,1.034000039100647,100.42691802978516,292.17340087890625,0.0,0.0,50.0,0.0031761964783072,0.0,2.290222883224488,23.700000762939453,0.0,1310.5,0.0,790.9171752929688,4.92112922668457,49.998268127441406,-0.0031770020723342,1291.5789794921875,790.9171752929688,268.45458984375,114276.53125,26005.57421875,16515.818359375,0.0439999997615814,0.0,2648.045654296875,1270.0,100.42691040039062,-0.0,327.7369079589844,0.138697549700737,0.0,1,200.0,68.69999694824219,1912.1444091796875,0.0,33031.63671875,2907.359130859375,67.01618194580078,0.0,133.14842224121094,0.0010999999940395,0.0,0.0,0.0,50.57879257202149,0.0,292.2084655761719,0.0,-8.057104423642159e-07,0.0,0.0,0.0999999940395355,0.9067617654800416,0.0,-5.315324642651831e-07,50.0,68.69999694824219,8.690801620483398,100.0,1934.531982421875,0.0,50.0,50.0,309.9726867675781,1600.0,3835.28662109375,0.0,67.03075408935547,Reactor Scram,550.4449462890625
1912.2115478515625,1.0,3760.22900390625,74.32582092285156,0.0,0.0,0.0,0.0,790.9229125976562,327.7719421386719,11.884873390197754,39.94154739379883,0.0115633383393287,1.0,0.0,5655.8173828125,11.840407371520996,332.5238037109375,0.0,1.0000001192092896,7.924896240234375,4.786885738372803,0.021269055083394,99.79309844970705,1707.6351318359375,0.0,0.0,969.17626953125,1.034000039100647,100.42863464355467,292.1733703613281,0.0,0.0,50.0,0.0031880151946097,0.0,2.2901949882507324,23.700000762939453,0.0,1310.5,0.0,790.9232788085938,4.751858234405518,49.99826049804688,-0.0031860810704529,1291.5948486328125,790.9229125976562,268.3501281738281,114276.53125,26210.84765625,16515.818359375,0.0439999997615814,0.0,2648.8623046875,1280.0,100.42813873291016,-0.0,327.7369384765625,0.1397910416126251,0.0,1,200.0,68.69999694824219,1912.15283203125,0.0,33031.63671875,2907.39453125,67.01602935791016,0.0,132.85354614257812,0.0010999999940395,0.0,0.0,0.0,50.57719039916992,0.0,292.2083740234375,0.0,1.934124156832695e-06,0.0,0.0,0.0999999940395355,0.9067617654800416,0.0,-2.485320692358073e-06,50.0,68.69999694824219,8.427964210510254,100.0,1934.5478515625,0.0,50.0,50.0,309.9725646972656,1600.0,3835.278076171875,0.0,67.03053283691406,Reactor Scram,550.44775390625
1912.2161865234373,1.0,3760.404541015625,74.15966033935547,0.0,0.0,0.0,0.0,790.9279174804688,327.7719421386719,11.884766578674316,40.2536506652832,0.0116535639390349,1.0,0.0,5655.8173828125,11.84041976928711,332.3549194335937,0.0,1.0000001192092896,7.924896240234375,4.617953777313232,0.021269055083394,100.57273864746094,1720.9700927734375,0.0,0.0,969.1806030273438,1.034000039100647,100.4296417236328,292.17333984375,0.0,0.0,50.0,0.003195894183591,0.0,2.2901711463928223,23.700000762939453,0.0,1310.5,0.0,790.92822265625,4.582960605621338,49.9982795715332,-0.0031938783358782,1291.610595703125,790.9279174804688,268.2465515136719,114276.53125,26415.669921875,16515.818359375,0.0439999997615814,0.0,2649.673583984375,1290.0,100.42918395996094,-0.0,327.7369689941406,0.1408820897340774,0.0,1,200.0,68.69999694824219,1912.1605224609373,0.0,33031.63671875,2907.4248046875,67.01586151123047,0.0,132.55931091308594,0.0010999999940395,0.0,0.0,0.0,50.575679779052734,0.0,292.2081604003906,0.0,2.0158477127552032e-06,0.0,0.0,0.0999999940395355,0.9067617654800416,0.0,-3.2350266110370285e-07,50.0,68.69999694824219,8.167449951171875,100.0,1934.566162109375,0.0,50.0,50.0,309.9725036621094,1600.0,3835.270263671875,0.0,67.03031921386719,Reactor Scram,550.4501953125
1912.2244873046875,1.0,3760.588623046875,73.99343872070312,0.0,0.0,0.0,0.0,790.936279296875,327.7719116210937,11.88465976715088,40.5650749206543,0.0117435911670327,1.0,0.0,5655.8173828125,11.840432167053224,332.18426513671875,0.0,1.0000001192092896,7.924896240234375,4.447258949279785,0.021269055083394,101.35063934326172,1734.3050537109375,0.0,0.0,969.1837768554688,1.034000039100647,100.4312973022461,292.17315673828125,0.0,0.0,50.0,0.0032077126670628,0.0,2.290130615234375,23.700000762939453,0.0,1310.5,0.0,790.9365844726562,4.412333488464356,49.99814987182617,-0.0032071229070425,1291.6259765625,790.936279296875,268.1439514160156,114276.53125,26620.03125,16515.818359375,0.0439999997615814,0.0,2650.479248046875,1300.0,100.43096160888672,-0.0,327.73699951171875,0.1419707089662552,0.0,1,200.0,68.69999694824219,1912.16650390625,0.0,33031.63671875,2907.476318359375,67.01567840576172,0.0,132.265625,0.0010999999940395,0.0,0.0,0.0,50.57402038574219,0.0,292.2078857421875,0.0,5.898764356970787e-07,0.0,0.0,0.0999999940395355,0.9067617654800416,0.0,1.169381789623003e-06,50.0,68.69999694824219,7.90929651260376,100.0,1934.5849609375,0.0,50.0,50.0,309.972412109375,1600.0,3835.26416015625,0.0,67.03009033203125,Reactor Scram,550.454345703125
1912.2315673828125,1.0,3760.766357421875,73.8271484375,0.0,0.0,0.0,0.0,790.9428100585938,327.7718505859375,11.884559631347656,40.87579345703125,0.011833413504064,1.0,0.0,5655.8173828125,11.840444564819336,332.006103515625,0.0,1.0000001192092896,7.924896240234375,4.269002437591553,0.021269055083394,102.12677764892578,1747.6400146484375,0.0,0.0,969.1868286132812,1.034000039100647,100.43341827392578,292.1729736328125,0.0,0.0,50.0,0.0032234706450253,0.0,2.2900989055633545,23.700000762939453,0.0,1310.5,0.0,790.943603515625,4.234246253967285,49.99806213378906,-0.003217376768589,1291.6416015625,790.9428100585938,268.0422668457031,114276.53125,26823.93359375,16515.818359375,0.0439999997615814,0.0,2651.280029296875,1310.0,100.4323501586914,-0.0,327.7370910644531,0.1430568695068359,0.0,1,200.0,68.69999694824219,1912.1734619140625,0.0,33031.63671875,2907.5166015625,67.01549530029297,0.0,131.9724884033203,0.0010999999940395,0.0,0.0,0.0,50.572540283203125,0.0,292.2076110839844,0.0,6.093992851674557e-06,0.0,0.0,0.0999999940395355,0.9067617654800416,0.0,3.423843963901163e-06,50.0,68.69999694824219,7.653513431549072,100.0,1934.5986328125,0.0,50.0,50.0,309.9722595214844,1600.0,3835.2578125,0.0,67.02986145019531,Reactor Scram,550.45751953125
1643.728515625,1.0078744888305664,3222.807373046875,63.74956893920898,0.0,0.0,0.0,0.0,351.0325012207031,318.38018798828125,12.314560890197754,15.476536750793455,0.0044850138947367,1.002560257911682,0.0,8243.353515625,12.269540786743164,326.85137939453125,0.0,1.0043317079544067,7.924896240234375,8.497891426086426,5.154753125680145e-06,102.85111236572266,1755.6419677734375,0.0,0.0,434.8635864257813,1.034000039100647,5.040186882019043,295.4487609863281,87.97628021240234,0.0,50.0,0.6877953410148621,0.0,23.542495727539062,0.0,0.0,1310.5,0.0,347.515380859375,8.471171379089355,42.64594650268555,0.6896413564682007,1502.4766845703125,351.0325012207031,264.85028076171875,137788.890625,10156.736328125,16645.87109375,0.0439999997615814,0.0,2672.9296875,1320.0,9.800496101379396,-0.00978225748986,318.3534851074219,0.0542786978185176,0.0,1,200.9782257080078,0.0,717.901611328125,0.0,33116.20703125,283.724365234375,75.07737731933594,-6.149999618530273,123.05947875976562,0.0010999999940395,0.0,0.0,0.0,43.21227645874024,0.0,295.4754638671875,0.0,-4.782345294952393,0.0,0.0,0.0999999940395355,0.9067617654800416,0.0,0.0564954169094562,50.0,87.97628021240234,0.0,0.0,865.7973022460938,0.0,50.0,50.0,303.6572570800781,1599.9029541015625,1442.97021484375,0.0,75.08131408691406,Reactor Scram,327.565185546875
1542.167724609375,1.0078744888305664,3021.371826171875,59.40046691894531,0.0,0.0,0.0,0.0,321.79742431640625,306.62420654296875,12.555597305297852,13.140273094177246,0.0038101526442915,1.006811499595642,0.0,10828.28125,12.51270580291748,322.5683288574219,0.0,1.007165789604187,7.924896240234375,15.96116828918457,5.154753125680145e-06,103.5110855102539,1755.6444091796875,0.0,0.0,262.643310546875,1.034000039100647,4.449900150299072,293.24810791015625,91.44193267822266,0.0,50.0,1.3349661827087402,0.0,44.56181335449219,0.0,0.0,1310.5,0.0,321.2530212402344,15.94411277770996,44.42734909057617,0.7356866002082825,1475.3248291015625,321.79742431640625,259.1605224609375,161298.359375,8624.77734375,16645.87109375,0.0439999997615814,0.0,2688.169189453125,1330.0,5.186728000640869,-0.035780943930149,306.607177734375,0.0461930334568023,0.0,1,203.57809448242188,0.0,603.8568725585938,0.0,33256.6328125,150.15577697753906,72.76593780517578,-6.149999618530273,116.57891845703124,0.0010999999940395,0.0,0.0,0.0,44.993770599365234,0.0,293.26513671875,0.0,-4.115128040313721,0.0,0.0,0.0999999940395355,0.9067617654800416,0.0,2.2035717964172363,50.0,91.44193267822266,0.0,0.0,523.0105590820312,0.0,50.0,50.0,296.6756591796875,1599.65283203125,1219.5389404296875,0.0,72.77277374267578,Reactor Scram,309.3777770996094
1425.48974609375,1.0078744888305664,2789.379638671875,57.76417541503906,0.0,0.0,0.0,0.0,313.9306335449219,298.93328857421875,12.796480178833008,9.358591079711914,0.0027173324488103,1.006811499595642,0.0,13410.60546875,12.756131172180176,319.7975158691406,0.0,1.007165789604187,7.924896240234375,20.88063621520996,5.154753125680145e-06,104.15542602539062,1755.6468505859375,0.0,0.0,193.2449493408203,1.034000039100647,4.136263847351074,289.832275390625,93.61995697021484,0.0,50.0,1.707677721977234,0.0,50.93185043334961,0.0,0.0,1310.5,0.0,313.6344909667969,20.86422538757324,45.4389762878418,0.7480767965316772,1458.044677734375,313.9306335449219,255.8309326171875,184804.890625,6144.033203125,16645.87109375,0.0439999997615814,0.0,2697.062255859375,1340.0,4.537100791931152,-0.062120821326971,298.9168701171875,0.0330366902053356,0.0,1,206.2120819091797,0.0,426.7938232421875,0.0,33256.6328125,131.3490753173828,69.87784576416016,-6.149999618530273,112.46109771728516,0.0010999999940395,0.0,0.0,0.0,45.96908187866211,0.0,289.84869384765625,0.0,-3.756366014480591,0.0,0.0,0.0999999940395355,0.9067617654800416,0.0,3.460026264190674,50.0,93.61995697021484,0.0,0.0,384.4474487304688,0.0,50.0,50.0,292.0000915527344,1599.395263671875,864.1326293945312,0.0,69.88361358642578,Reactor Scram,303.0665588378906
1298.662841796875,1.0078744888305664,2537.0146484375,56.7091064453125,0.0,0.0,0.0,0.0,308.93560791015625,293.6934509277344,13.06073760986328,6.032680988311768,0.0017559945117682,1.0071508884429932,0.0,15990.3291015625,13.022613525390623,317.8363647460937,0.0,1.007392168045044,7.924896240234375,24.15883445739746,5.154753125680145e-06,104.79724884033205,1755.6492919921875,0.0,0.0,144.13299560546875,1.034000039100647,3.9269886016845694,287.0257873535156,95.11566162109376,0.0,50.0,1.945251703262329,0.0,54.97111511230469,0.0,0.0,1310.5,0.0,308.73114013671875,24.14293098449707,46.950416564941406,0.7559439539909363,1446.0635986328125,308.93560791015625,253.6524353027344,208308.546875,3961.759521484375,16645.87109375,0.0439999997615814,0.0,2702.897705078125,1350.0,4.203730583190918,-0.0886691287159919,293.67755126953125,0.0214305855333805,0.0,1,208.86691284179688,0.0,272.6967163085937,0.0,33267.84375,121.697998046875,67.86184692382812,-6.149999618530273,109.63308715820312,0.0010999999940395,0.0,0.0,0.0,47.44738006591797,0.0,287.04168701171875,0.0,-3.537473201751709,0.0,0.0,0.0999999940395355,0.9067617654800416,0.0,4.282100200653076,50.0,95.11566162109376,0.0,0.0,286.4054870605469,0.0,50.0,50.0,288.66558837890625,1599.1328125,554.633056640625,0.0,67.86664581298828,Reactor Scram,298.8697814941406
1165.009765625,1.0078744888305664,2270.975830078125,55.9085807800293,0.0,0.0,0.0,0.0,305.45458984375,290.0424194335937,13.33919620513916,3.3139965534210205,0.0009698598878458,1.0074900388717651,0.0,18567.451171875,13.302980422973633,316.523193359375,0.0,1.0076181888580322,7.924896240234375,26.49709129333496,5.154753125680145e-06,105.44029998779295,1755.6517333984375,0.0,0.0,104.74473571777344,1.034000039100647,3.7718825340271,285.0361633300781,96.1171875,0.0,50.0,2.096111536026001,0.0,58.25529861450195,0.0,0.0,1310.5,0.0,305.3104858398437,26.48078155517578,48.93121337890625,0.761426568031311,1437.9833984375,305.45458984375,252.24575805664065,231809.28125,2177.202880859375,16645.87109375,0.0439999997615814,0.0,2706.690673828125,1360.0,3.966916799545288,-0.1153404265642166,290.026123046875,0.0118940165266394,0.0,1,211.53404235839844,0.0,147.84011840820312,0.0,33279.046875,114.8422393798828,66.67548370361328,-6.149999618530273,107.74601745605467,0.0010999999940395,0.0,0.0,0.0,49.40127182006836,0.0,285.0524597167969,0.0,-3.407801866531372,0.0,0.0,0.0999999940395355,0.9067617654800416,0.0,4.812921047210693,50.0,96.1171875,0.0,0.0,207.79551696777344,0.0,50.0,50.0,286.3625793457031,1598.8665771484375,304.07330322265625,0.0,66.67967987060547,Reactor Scram,295.955810546875
1027.3955078125,1.0078744888305664,1996.97900390625,55.33473205566406,0.0,0.0,0.0,0.0,303.0526123046875,287.4533386230469,13.620758056640623,1.1415289640426636,0.0003412821097299,1.0078299045562744,0.0,21141.986328125,13.586196899414062,315.7475280761719,0.0,1.0078448057174685,7.924896240234375,28.31014060974121,5.154753125680145e-06,106.08696746826172,1755.6541748046875,0.0,0.0,74.17738342285156,1.034000039100647,3.64966082572937,283.8435974121094,96.70879364013672,0.0,50.0,2.186590671539306,0.0,61.15327453613281,0.0,0.0,1310.5,0.0,302.9568786621094,28.294170379638672,51.21801376342773,0.7652097344398499,1433.18701171875,303.0526123046875,251.4287872314453,255307.15625,750.3073120117188,16645.87109375,0.0439999997615814,0.0,2708.89013671875,1370.0,3.779234647750856,-0.1420692503452301,287.4373779296875,0.0042122993618249,0.0,1,214.20692443847656,0.0,49.00756454467773,0.0,33290.26953125,109.40884399414062,66.13491821289062,-6.149999618530273,106.6400909423828,0.0010999999940395,0.0,0.0,0.0,51.66543960571289,0.0,283.8595886230469,0.0,-3.340268611907959,0.0,0.0,0.0999999940395355,0.9067617654800416,0.0,5.121214866638184,50.0,96.70879364013672,0.0,0.0,146.79843139648438,0.0,50.0,50.0,284.8977966308594,1598.598876953125,105.81281280517578,0.0,66.13870239257812,Reactor Scram,294.00323486328125
891.4638061523438,1.010419845581055,1726.2940673828125,54.9262580871582,0.0,0.0,0.0,0.0,301.5029296875,285.763427734375,13.89470672607422,3.1392715754918754e-05,1.0770425433292983e-05,1.0085099935531616,0.0,23713.931640625,13.861543655395508,315.3612976074219,0.0,1.0091465711593628,7.924896240234375,29.61103820800781,5.154753125680145e-06,106.7391357421875,1755.6566162109375,0.0,0.0,51.49287033081055,1.034000039100647,3.5493905544281006,283.259521484375,96.99497985839844,0.0,50.0,2.2345664501190186,0.0,63.72189331054688,0.0,0.0,1310.5,0.0,301.4436340332031,29.597881317138672,53.87486267089844,0.7676504254341125,1430.8603515625,301.5029296875,251.03875732421875,278802.125,0.0329999960958957,16687.91015625,0.0439999997615814,0.0,2709.943359375,1380.0,3.629666566848755,-0.1688033938407898,285.7502746582031,0.0001392045087413,0.0,1,216.88034057617188,0.0,-2.473139524459839,0.0,33312.734375,105.07884979248048,66.06016540527344,-6.149999618530273,106.1137466430664,0.0010999999940395,0.0,0.0,0.0,54.30348205566406,0.0,283.2726745605469,0.0,-3.3165860176086426,0.0,0.0,0.0999999940395355,0.9067617654800416,0.0,5.268390655517578,50.0,96.99497985839844,0.0,0.0,101.5373992919922,0.0,50.0,50.0,284.09228515625,1598.3289794921875,2.473139524459839,0.0,66.06437683105469,Reactor Scram,292.81170654296875
766.225830078125,1.010419845581055,1477.028076171875,54.84144973754883,0.0,0.0,0.0,0.0,300.5350341796875,284.828125,14.135531425476074,3.1392715754918754e-05,1.0770425433292983e-05,1.0091900825500488,0.0,26283.287109375,14.103642463684082,315.233642578125,0.0,1.009600043296814,7.924896240234375,30.4180908203125,5.154753125680145e-06,107.3996810913086,1755.6590576171875,0.0,0.0,41.10613632202149,1.034000039100647,3.464744806289673,282.9708251953125,97.08684539794922,0.0,50.0,2.2590131759643555,0.0,65.77013397216797,0.0,0.0,1310.5,0.0,300.4960327148437,30.4055118560791,56.72264099121094,0.7691748142242432,1430.1126708984375,300.5350341796875,250.91493225097656,302294.1875,0.0329999960958957,16687.91015625,0.0439999997615814,0.0,2710.27978515625,1390.0,3.517561197280884,-0.1955058276653289,284.8155517578125,0.0001392045087413,0.0,1,219.5505828857422,0.0,-2.495274543762207,0.0,33335.19921875,101.8333969116211,65.96159362792969,-6.149999618530273,105.94842529296876,0.0010999999940395,0.0,0.0,0.0,57.13694381713867,0.0,282.9833984375,0.0,-3.317317485809326,0.0,0.0,0.0999999940395355,0.9067617654800416,0.0,5.315118789672852,50.0,97.08684539794922,0.0,0.0,80.83903503417969,0.0,50.0,50.0,283.67352294921875,1598.05908203125,2.495274543762207,0.0,65.9658203125,Reactor Scram,292.1122436523437
647.48779296875,1.010419845581055,1240.660888671875,54.9007682800293,0.0,0.0,0.0,0.0,299.8647155761719,284.31890869140625,14.340608596801758,3.1392715754918754e-05,1.0770425433292983e-05,1.0098708868026731,0.0,28850.064453125,14.309809684753418,315.2261657714844,0.0,1.0100539922714231,7.924896240234375,30.92030906677246,5.154753125680145e-06,108.07147216796876,1755.6614990234375,0.0,0.0,35.16082000732422,1.034000039100647,3.3917484283447266,282.7977600097656,97.09220886230467,0.0,50.0,2.273129940032959,0.0,67.46690368652344,0.0,0.0,1310.5,0.0,299.83642578125,30.90725517272949,59.14908218383789,0.7702306509017944,1430.06884765625,299.8647155761719,250.90869140625,325783.375,0.0329999960958957,16687.91015625,0.0439999997615814,0.0,2710.2998046875,1400.0,3.430039405822754,-0.2221574485301971,284.3058776855469,0.0001392045087413,0.0,1,222.2157440185547,0.0,-2.402161359786988,0.0,33357.69140625,99.29964447021484,65.86323547363281,-6.149999618530273,105.94376373291016,0.0010999999940395,0.0,0.0,0.0,59.54914093017578,0.0,282.81085205078125,0.0,-3.328796625137329,0.0,0.0,0.0999999940395355,0.9067617654800416,0.0,5.317477703094482,50.0,97.09220886230467,0.0,0.0,68.9129638671875,0.0,50.0,50.0,283.42901611328125,1597.7891845703125,2.402161359786988,0.0,65.86727142333984,Reactor Scram,291.6514892578125
535.5603637695312,1.010419845581055,1017.8096923828124,55.00540542602539,0.0,0.0,0.0,0.0,299.37481689453125,284.02117919921875,14.512929916381836,3.1392715754918754e-05,1.0770425433292983e-05,1.01021146774292,0.0,31414.267578125,14.483003616333008,315.2836303710937,0.0,1.010280966758728,7.924896240234375,31.276687622070312,5.154753125680145e-06,108.75550079345705,1755.6639404296875,0.0,0.0,30.6892147064209,1.034000039100647,3.327746152877808,282.7145690917969,97.0508804321289,0.0,50.0,2.28052020072937,0.0,68.97138214111328,0.0,0.0,1310.5,0.0,299.3541564941406,31.2624454498291,61.18803405761719,0.7710022330284119,1430.405517578125,299.37481689453125,250.97276306152344,349269.6875,0.0329999960958957,16687.91015625,0.0439999997615814,0.0,2710.148193359375,1410.0,3.355701446533203,-0.2487489283084869,284.0069274902344,0.0001392045087413,0.0,1,224.87489318847656,0.0,-2.270148992538452,0.0,33368.94140625,97.1475601196289,65.81255340576172,-6.149999618530273,106.0271224975586,0.0010999999940395,0.0,0.0,0.0,61.57575607299805,0.0,282.7287902832031,0.0,-3.347226142883301,0.0,0.0,0.0999999940395355,0.9067617654800416,0.0,5.293299198150635,50.0,97.0508804321289,0.0,0.0,59.86494445800781,0.0,50.0,50.0,283.3002319335937,1597.519287109375,2.270148992538452,0.0,65.8163070678711,Reactor Scram,291.339599609375
430.8015747070313,1.0129725933074951,809.164794921875,55.13100814819336,0.0,0.0,0.0,0.0,299.0227966308594,283.85369873046875,14.654797554016112,3.1392715754918754e-05,1.0770425433292983e-05,1.0108927488327026,0.0,33975.890625,14.625514030456545,315.3906555175781,0.0,1.01158607006073,7.924896240234375,31.55205726623535,5.154753125680145e-06,109.45217895507812,1755.6663818359375,0.0,0.0,26.81974220275879,1.034000039100647,3.2708849906921387,282.7159423828125,96.9738540649414,0.0,50.0,2.2824957370758057,0.0,70.39816284179688,0.0,0.0,1310.5,0.0,299.0084228515625,31.53696823120117,62.86652755737305,0.7715566158294678,1431.0322265625,299.0227966308594,251.0921630859375,372753.15625,0.0329999960958957,16730.072265625,0.0439999997615814,0.0,2709.86572265625,1420.0,3.290334463119507,-0.2752781808376312,283.838623046875,0.0001392045087413,0.0,1,227.5278167724609,0.0,-2.085835218429565,0.0,33391.4453125,95.25518035888672,65.81782531738281,-6.149999618530273,106.1787109375,0.0010999999940395,0.0,0.0,0.0,63.24383544921875,0.0,282.7309875488281,0.0,-3.371225595474243,0.0,0.0,0.0999999940395355,0.9067617654800416,0.0,5.248240947723389,50.0,96.9738540649414,0.0,0.0,51.9380111694336,0.0,50.0,50.0,283.2657165527344,1597.2493896484375,2.085835218429565,0.0,65.82121276855469,Reactor Scram,291.1440734863281
333.5004577636719,1.0129725933074951,615.2953491210938,55.2735595703125,0.0,0.0,0.0,0.0,298.7887878417969,283.7865295410156,14.76832389831543,3.1392715754918754e-05,1.0770425433292983e-05,1.0115748643875122,0.0,36534.94921875,14.739458084106444,315.5421447753906,0.0,1.0120408535003662,7.924896240234375,31.77293586730957,5.154753125680145e-06,110.1617660522461,1755.6688232421875,0.0,0.0,23.219024658203125,1.034000039100647,3.2198195457458496,282.7981262207031,96.8648681640625,0.0,50.0,2.2795956134796143,0.0,71.69506072998047,0.0,0.0,1310.5,0.0,298.77996826171875,31.7556095123291,64.20940399169922,0.771925151348114,1431.9185791015625,298.7887878417969,251.260986328125,396233.65625,0.0329999960958957,16730.072265625,0.0439999997615814,0.0,2709.46533203125,1430.0,3.231764793395996,-0.3017408847808838,283.7691955566406,0.0001392045087413,0.0,1,230.1740875244141,0.0,-1.855350971221924,0.0,33413.9765625,93.5595932006836,65.87548828125,-6.149999618530273,106.39167785644533,0.0010999999940395,0.0,0.0,0.0,64.5782699584961,0.0,282.81549072265625,0.0,-3.400219917297364,0.0,0.0,0.0999999940395355,0.9067617654800416,0.0,5.184534549713135,50.0,96.8648681640625,0.0,0.0,44.466087341308594,0.0,50.0,50.0,283.3163757324219,1596.9794921875,1.855350971221924,0.0,65.87842559814453,Reactor Scram,291.05035400390625
243.867904663086,1.0129725933074951,436.5810852050781,55.43645477294922,0.0,0.0,0.0,0.0,298.6625366210937,283.80816650390625,14.855586051940918,3.1392715754918754e-05,1.0770425433292983e-05,1.0119154453277588,0.0,39091.4453125,14.826899528503418,315.72613525390625,0.0,1.0122679471969604,7.924896240234375,31.93915557861328,5.154753125680145e-06,110.88453674316406,1755.6712646484375,0.0,0.0,19.721513748168945,1.034000039100647,3.173544645309448,282.9603881835937,96.7251205444336,0.0,50.0,2.2719223499298096,0.0,72.91138458251953,0.0,0.0,1310.5,0.0,298.6589660644531,31.9179630279541,65.2415771484375,0.7721241116523743,1433.0543212890625,298.6625366210937,251.4773406982422,419711.375,0.0329999960958957,16730.072265625,0.0439999997615814,0.0,2708.950439453125,1440.0,3.178363800048828,-0.3281334042549133,283.7869567871094,0.0001392045087413,0.0,1,232.81333923339844,0.0,-1.5162900686264038,0.0,33425.2265625,92.01363372802734,65.97754669189453,-6.149999618530273,106.66388702392578,0.0010999999940395,0.0,0.0,0.0,65.6031494140625,0.0,282.9815368652344,0.0,-3.434086561203003,0.0,0.0,0.0999999940395355,0.9067617654800416,0.0,5.102890968322754,50.0,96.7251205444336,0.0,0.0,37.021240234375,0.0,50.0,50.0,283.45001220703125,1596.7095947265625,1.5162900686264038,0.0,65.9798583984375,Reactor Scram,291.0519104003906
162.0511016845703,1.0129725933074951,273.2391052246094,55.62953186035156,0.0,0.0,0.0,0.0,298.64129638671875,283.9150695800781,14.918594360351562,3.1392715754918754e-05,1.0770425433292983e-05,1.012597680091858,0.0,41645.37109375,14.889814376831056,315.95098876953125,0.0,1.0127226114273071,7.924896240234375,32.0635986328125,5.154753125680145e-06,111.62088775634766,1755.6737060546875,0.0,0.0,16.1121883392334,1.034000039100647,3.131291151046753,283.20660400390625,96.5536117553711,0.0,50.0,2.259211778640747,0.0,74.08607482910156,0.0,0.0,1310.5,0.0,298.6430358886719,32.03593063354492,65.98755645751953,0.7721575498580933,1434.4468994140625,298.64129638671875,251.7425079345703,443186.25,0.0329999960958957,16730.072265625,0.0439999997615814,0.0,2708.31591796875,1450.0,3.1289279460906982,-0.3544531166553497,283.88739013671875,0.0001392045087413,0.0,1,235.4453125,0.0,-0.9434564709663392,0.0,33447.7578125,90.58246612548828,66.11176300048828,-6.149999618530273,106.99757385253906,0.0010999999940395,0.0,0.0,0.0,66.34153747558594,0.0,283.2342224121094,0.0,-3.473083734512329,0.0,0.0,0.0999999940395355,0.9067617654800416,0.0,5.002829074859619,50.0,96.5536117553711,0.0,0.0,28.99180793762207,0.0,50.0,50.0,283.6700744628906,1596.441650390625,0.9434564709663392,0.0,66.11307525634766,Reactor Scram,291.14910888671875
87.95343017578125,1.0129725933074951,125.52955627441406,55.8714485168457,0.0,0.0,0.0,0.0,298.7308044433594,284.107421875,14.959306716918944,3.1392715754918754e-05,1.0770425433292983e-05,1.0129388570785522,0.0,44196.73046875,14.930059432983398,316.2246398925781,0.0,1.0129501819610596,7.924896240234375,32.144371032714844,5.154753125680145e-06,112.37142181396484,1755.6761474609375,0.0,0.0,11.77548885345459,1.034000039100647,3.1479485034942627,283.55194091796875,96.34490966796876,0.0,50.0,2.240819931030273,0.0,75.21337127685547,0.0,0.0,1310.5,0.0,298.7791442871094,32.117210388183594,66.45478820800781,0.7720165252685547,1436.13916015625,298.7308044433594,252.0621490478516,466658.1875,0.0329999960958957,16730.072265625,0.0439999997615814,0.0,2707.540771484375,1460.0,3.0825719833374023,-0.3806962370872497,284.08026123046875,0.0001392045087413,0.0,1,238.0696258544922,0.0,-1.983796238899231,0.0,33459.03125,89.2404556274414,66.26014709472656,-6.149999618530273,107.40306854248048,0.0010999999940395,0.0,0.0,0.0,66.82361602783203,0.0,283.5791015625,0.0,-3.51785945892334,0.0,0.0,0.0999999940395355,0.9067617654800416,0.0,4.8822102546691895,50.0,96.34490966796876,0.0,0.0,23.333934783935547,0.0,50.0,50.0,283.9857177734375,1596.1739501953125,1.983796238899231,0.0,66.2641830444336,Reactor Scram,291.349609375
20.988903045654297,1.015533208847046,0.0,56.091529846191406,0.0,0.0,0.0,0.0,299.08074951171875,284.4079895019531,14.980740547180176,3.1392715754918754e-05,1.0770425433292983e-05,1.0136224031448364,0.0,46745.55859375,14.951810836791992,316.52069091796875,0.0,1.0142593383789062,7.924896240234375,32.116905212402344,5.154753125680145e-06,113.13654327392578,1755.6785888671875,0.0,0.0,12.435418128967283,1.034000039100647,3.0910112857818604,283.91217041015625,96.1191177368164,0.0,50.0,2.220686912536621,0.0,75.23944091796875,0.0,0.0,1310.5,0.0,299.0858459472656,32.11269760131836,66.69404602050781,0.7714653611183167,1437.9677734375,299.08074951171875,252.40252685546875,490127.3125,0.0329999960958957,16772.36328125,0.0439999997615814,0.0,2706.697998046875,1470.0,3.084115505218506,-0.4068589508533478,284.40380859375,0.0001392045087413,0.0,1,240.68589782714844,0.0,-3.1589362621307373,0.0,33481.60546875,89.28514099121094,66.48571014404297,-6.149999618530273,107.83787536621094,0.0010999999940395,0.0,0.0,0.0,67.08409118652344,0.0,283.9164428710937,0.0,-3.564706563949585,0.0,0.0,0.0999999940395355,0.9067617654800416,0.0,4.753765106201172,50.0,96.1191177368164,0.0,0.0,24.80007553100586,0.0,50.0,50.0,284.3275146484375,1595.9063720703125,3.1589362621307373,0.0,66.49117279052734,Reactor Scram,291.6958312988281
0.0,1.015533208847046,0.0,56.26096725463867,0.0,0.0,0.0,0.0,299.16070556640625,284.7383728027344,14.994706153869627,3.1392715754918754e-05,1.0770425433292983e-05,1.0139641761779783,0.0,49291.8203125,14.959497451782228,316.8095092773437,0.0,1.0144872665405271,7.924896240234375,32.071533203125,5.154753125680145e-06,113.91558837890624,1755.6810302734375,0.0,0.0,12.69853401184082,1.034000039100647,3.038463592529297,284.237548828125,95.89886474609376,0.0,50.0,2.201598882675171,0.0,76.50479888916016,0.0,0.0,1310.5,0.0,299.1642761230469,32.071128845214844,66.80862426757812,0.771339476108551,1439.7490234375,299.16070556640625,252.72935485839844,513593.5625,0.0329999960958957,16772.36328125,0.0439999997615814,0.0,2705.87158203125,1480.0,3.0336601734161377,-0.4329408407211303,284.73797607421875,0.0001392045087413,0.0,1,243.2940826416016,0.0,-0.8584253191947937,0.0,33492.8984375,87.824462890625,66.77277374267578,-6.149999618530273,108.26166534423828,0.0010999999940395,0.0,0.0,0.0,67.236328125,0.0,284.23797607421875,0.0,-3.610002279281616,0.0,0.0,0.0999999940395355,0.9067617654800416,0.0,4.630433082580566,50.0,95.89886474609376,0.0,0.0,25.380538940429688,0.0,50.0,50.0,284.6480712890625,1595.6387939453125,0.8584253191947937,0.0,66.77401733398438,Reactor Scram,291.8966064453125
0.0,1.015533208847046,0.0,56.4140853881836,0.0,0.0,0.0,0.0,299.23126220703125,285.0535888671875,15.00897979736328,3.1392715754918754e-05,1.0770425433292983e-05,1.0143060684204102,0.0,51835.5390625,14.96586799621582,317.0901184082031,0.0,1.0147151947021484,7.924896240234375,32.03643798828125,5.154753125680145e-06,114.70822143554688,1755.6834716796875,0.0,0.0,12.828827857971191,1.034000039100647,2.989737033843994,284.5450439453125,95.6848373413086,0.0,50.0,2.183363437652588,0.0,77.76792907714844,0.0,0.0,1310.5,0.0,299.2348327636719,32.03654098510742,66.88362884521484,0.7712283134460449,1441.4775390625,299.23126220703125,253.0443420410156,537057.0,0.0329999960958957,16772.36328125,0.0439999997615814,0.0,2705.064208984375,1490.0,2.9849321842193604,-0.4589424133300781,285.0536804199219,0.0001392045087413,0.0,1,245.8942413330078,0.0,-0.8557464480400085,0.0,33504.1875,86.41378784179688,67.06315612792969,-6.149999618530273,108.67335510253906,0.0010999999940395,0.0,0.0,0.0,67.40422821044922,0.0,284.5449523925781,0.0,-3.654350280761719,0.0,0.0,0.0999999940395355,0.9067617654800416,0.0,4.511567115783691,50.0,95.6848373413086,0.0,0.0,25.64140892028809,0.0,50.0,50.0,284.95123291015625,1595.373291015625,0.8557464480400085,0.0,67.06439971923828,Reactor Scram,292.0838623046875
0.0,1.015533208847046,0.0,56.555641174316406,0.0,0.0,0.0,0.0,299.30340576171875,285.35211181640625,15.023332595825195,3.1392715754918754e-05,1.0770425433292983e-05,1.014989733695984,0.0,54376.7109375,14.972281455993652,317.3626708984375,0.0,1.015170931816101,7.924896240234375,32.010498046875,5.154753125680145e-06,115.51431274414062,1755.6859130859375,0.0,0.0,12.860451698303224,1.034000039100647,2.9443633556365967,284.8393859863281,95.47695922851562,0.0,50.0,2.1657791137695312,0.0,78.99834442138672,0.0,0.0,1310.5,0.0,299.3070678710937,32.01056671142578,66.9591064453125,0.771114706993103,1443.154296875,299.30340576171875,253.34991455078125,560517.5,0.0329999960958957,16772.36328125,0.0439999997615814,0.0,2704.2763671875,1500.0,2.9393975734710693,-0.4848645329475403,285.3521728515625,0.0001392045087413,0.0,1,248.4864501953125,0.0,-0.8530662059783936,0.0,33526.7734375,85.0955581665039,67.3556137084961,-6.149999618530273,109.07332611083984,0.0010999999940395,0.0,0.0,0.0,67.57306671142578,0.0,284.83935546875,0.0,-3.697970390319824,0.0,0.0,0.0999999940395355,0.9067617654800416,0.0,4.396259784698486,50.0,95.47695922851562,0.0,0.0,25.705251693725582,0.0,50.0,50.0,285.2408142089844,1595.1077880859375,0.8530662059783936,0.0,67.35684967041016,Reactor Scram,292.2650146484375
0.0,1.015533208847046,0.0,56.68894577026367,0.0,0.0,0.0,0.0,299.3785095214844,285.636962890625,15.037723541259766,3.1392715754918754e-05,1.0770425433292983e-05,1.0153322219848633,0.0,56915.3359375,14.978702545166016,317.6287841796875,0.0,1.0153992176055908,7.924896240234375,31.99188232421875,5.154753125680145e-06,116.33379364013672,1755.6883544921875,0.0,0.0,12.822924613952637,1.034000039100647,2.901953220367432,285.1231384277344,95.27398681640624,0.0,50.0,2.148686647415161,0.0,80.1764907836914,0.0,0.0,1310.5,0.0,299.3823547363281,31.9918155670166,67.03472900390625,0.7709963917732239,1444.7894287109375,299.3785095214844,253.6479339599609,583975.25,0.0329999960958957,16772.36328125,0.0439999997615814,0.0,2703.50341796875,1510.0,2.896737813949585,-0.5107081532478333,285.63690185546875,0.0001392045087413,0.0,1,251.07081604003903,0.0,-0.8450176119804382,0.0,33538.0859375,83.86055755615234,67.64832305908203,-6.149999618530273,109.46394348144533,0.0010999999940395,0.0,0.0,0.0,67.7423324584961,0.0,285.1231994628906,0.0,-3.741024971008301,0.0,0.0,0.0999999940395355,0.9067617654800416,0.0,4.283801078796387,50.0,95.27398681640624,0.0,0.0,25.630916595458984,0.0,50.0,50.0,285.5197448730469,1594.8424072265625,0.8450176119804382,0.0,67.64955139160156,Reactor Scram,292.4422607421875
0.0,1.0180984735488892,0.0,56.81647872924805,0.0,0.0,0.0,0.0,299.45758056640625,285.91070556640625,15.052133560180664,3.1392715754918754e-05,1.0770425433292983e-05,1.016016721725464,0.0,59451.4375,14.985105514526367,317.8900756835937,0.0,1.016710638999939,7.924896240234375,31.97920227050781,5.154753125680145e-06,117.16658020019533,1755.6907958984375,0.0,0.0,12.736743927001951,1.034000039100647,2.862179040908813,285.39892578125,95.07469177246094,0.0,50.0,2.1319637298583984,0.0,81.37113189697266,0.0,0.0,1310.5,0.0,299.4616394042969,31.9793701171875,67.11014556884766,0.7708718776702881,1446.3931884765625,299.45758056640625,253.93980407714844,607430.125,0.0329999960958957,16814.73046875,0.0439999997615814,0.0,2702.74072265625,1520.0,2.8566834926605225,-0.5364741683006287,285.910888671875,0.0001392045087413,0.0,1,253.6474151611328,0.0,-0.8369570970535278,0.0,33560.6953125,82.70098876953125,67.94052124023438,-6.149999618530273,109.8476791381836,0.0010999999940395,0.0,0.0,0.0,67.91181945800781,0.0,285.3987731933594,0.0,-3.78363847732544,0.0,0.0,0.0999999940395355,0.9067617654800416,0.0,4.173659324645996,50.0,95.07469177246094,0.0,0.0,25.456937789916992,0.0,50.0,50.0,285.790283203125,1594.5772705078125,0.8369570970535278,0.0,67.94173431396484,Reactor Scram,292.61724853515625
0.0,1.0180984735488892,0.0,56.942020416259766,0.0,0.0,0.0,0.0,299.5411682128906,286.17626953125,15.066550254821776,3.1392715754918754e-05,1.0770425433292983e-05,1.0163594484329224,0.0,61985.0,14.991472244262695,318.1496276855469,0.0,1.0169391632080078,7.924896240234375,31.973064422607425,5.154753125680145e-06,118.0126495361328,1755.6932373046875,0.0,0.0,12.616138458251951,1.034000039100647,2.8247621059417725,285.66802978515625,94.8767547607422,0.0,50.0,2.1155028343200684,0.0,82.47622680664062,0.0,0.0,1310.5,0.0,299.54547119140625,31.973369598388672,67.18513488769531,0.770740270614624,1447.9840087890625,299.5411682128906,254.2266998291016,630882.125,0.0329999960958957,16814.73046875,0.0439999997615814,0.0,2701.979736328125,1530.0,2.818937301635742,-0.5621628165245056,286.17657470703125,0.0001392045087413,0.0,1,256.2162780761719,0.0,-0.828884482383728,0.0,33572.015625,81.60823822021484,68.23145294189453,-6.149999618530273,110.2289581298828,0.0010999999940395,0.0,0.0,0.0,68.08138275146484,0.0,285.66778564453125,0.0,-3.825919389724731,0.0,0.0,0.0999999940395355,0.9067617654800416,0.0,4.065395355224609,50.0,94.8767547607422,0.0,0.0,25.21603775024414,0.0,50.0,50.0,286.0543212890625,1594.3140869140625,0.828884482383728,0.0,68.23265838623047,Reactor Scram,292.79119873046875
0.0,1.0180984735488892,0.0,57.06697463989258,0.0,0.0,0.0,0.0,299.6295166015625,286.435546875,15.08095645904541,3.1392715754918754e-05,1.0770425433292983e-05,1.0167016983032229,0.0,64516.04296875,14.997798919677734,318.40838623046875,0.0,1.017167329788208,7.924896240234375,31.97262382507324,5.154753125680145e-06,118.8720474243164,1755.6956787109375,0.0,0.0,12.473182678222656,1.034000039100647,2.7894651889801025,285.9315795898437,94.67941284179688,0.0,50.0,2.099238395690918,0.0,83.54777526855469,0.0,0.0,1310.5,0.0,299.6340637207031,31.97282600402832,67.2596206665039,0.7706010341644287,1449.568359375,299.6295166015625,254.5086212158203,654331.3125,0.0329999960958957,16814.73046875,0.0439999997615814,0.0,2701.21728515625,1540.0,2.783308506011963,-0.5877740383148193,286.4357604980469,0.0001392045087413,0.0,1,258.77740478515625,0.0,-0.8234959840774536,0.0,33583.3203125,80.5767822265625,68.52053833007812,-6.149999618530273,110.60912322998048,0.0010999999940395,0.0,0.0,0.0,68.25083923339844,0.0,285.9313659667969,0.0,-3.867934465408325,0.0,0.0,0.0999999940395355,0.9067617654800416,0.0,3.959009885787964,50.0,94.67941284179688,0.0,0.0,24.93085289001465,0.0,50.0,50.0,286.3130798339844,1594.05078125,0.8234959840774536,0.0,68.521728515625,Reactor Scram,292.96490478515625
0.0,1.0180984735488892,0.0,57.1924057006836,0.0,0.0,0.0,0.0,299.7227478027344,286.689697265625,15.095342636108398,3.1392715754918754e-05,1.0770425433292983e-05,1.0173871517181396,0.0,67044.5625,15.004077911376951,318.6669006347656,0.0,1.0176242589950562,7.924896240234375,31.9771671295166,5.154753125680145e-06,119.74478912353516,1755.6981201171875,0.0,0.0,12.316733360290527,1.034000039100647,2.7560834884643555,286.1907043457031,94.48223876953124,0.0,50.0,2.083115577697754,0.0,84.60025024414062,0.0,0.0,1310.5,0.0,299.7275085449219,31.977201461791992,67.33357238769531,0.7704542279243469,1451.1495361328125,299.7227478027344,254.78662109375,677777.6875,0.0329999960958957,16814.73046875,0.0439999997615814,0.0,2700.451904296875,1550.0,2.749605417251587,-0.6133080720901489,286.6897277832031,0.0001392045087413,0.0,1,261.330810546875,0.0,-0.815403163433075,0.0,33605.9609375,79.60107421875,68.80736541748047,-6.149999618530273,110.98899841308594,0.0010999999940395,0.0,0.0,0.0,68.42005157470703,0.0,286.1906433105469,0.0,-3.909738063812256,0.0,0.0,0.0999999940395355,0.9067617654800416,0.0,3.854105949401856,50.0,94.48223876953124,0.0,0.0,24.6185359954834,0.0,50.0,50.0,286.5675354003906,1593.78759765625,0.815403163433075,0.0,68.80854797363281,Reactor Scram,293.1387939453125
0.0,1.0180984735488892,0.0,57.317779541015625,0.0,0.0,0.0,0.0,299.8207092285156,286.9391174316406,15.109707832336426,3.1392715754918754e-05,1.0770425433292983e-05,1.0177299976348877,0.0,69570.546875,15.01030158996582,318.9242858886719,0.0,1.0178529024124146,7.924896240234375,31.98516845703125,5.154753125680145e-06,120.63094329833984,1755.7005615234375,0.0,0.0,12.152481079101562,1.034000039100647,2.72443962097168,286.4465637207031,94.28591918945312,0.0,50.0,2.067107915878296,0.0,85.6107406616211,0.0,0.0,1310.5,0.0,299.82568359375,31.98516845703125,67.40685272216797,0.7702999114990234,1452.7222900390625,299.8207092285156,255.0612945556641,701221.25,0.0329999960958957,16814.73046875,0.0439999997615814,0.0,2699.686279296875,1560.0,2.717672348022461,-0.6387646794319153,286.9391174316406,0.0001392045087413,0.0,1,263.87646484375,0.0,-0.8100011944770813,0.0,33617.2890625,78.6766128540039,69.09159851074219,-6.149999618530273,111.36702728271484,0.0010999999940395,0.0,0.0,0.0,68.58901977539062,0.0,286.446533203125,0.0,-3.951356649398804,0.0,0.0,0.0999999940395355,0.9067617654800416,0.0,3.750454664230346,50.0,94.28591918945312,0.0,0.0,24.290746688842773,0.0,50.0,50.0,286.81817626953125,1593.5247802734375,0.8100011944770813,0.0,69.0927734375,Reactor Scram,293.313232421875
0.0,1.0180984735488892,0.0,57.44158554077149,0.0,0.0,0.0,0.0,299.9222106933594,287.1831970214844,15.124031066894531,3.1392715754918754e-05,1.0770425433292983e-05,1.0180729627609253,0.0,72094.0234375,15.016454696655272,319.1786499023437,0.0,1.0180814266204834,7.924896240234375,31.99557876586914,5.154753125680145e-06,121.53053283691406,1755.7030029296875,0.0,0.0,11.98127269744873,1.034000039100647,2.694378614425659,286.69940185546875,94.0919418334961,0.0,50.0,2.0512561798095703,0.0,86.59188079833984,0.0,0.0,1310.5,0.0,299.9273681640625,31.99544334411621,67.47930145263672,0.7701400518417358,1454.2745361328125,299.9222106933594,255.33238220214844,724661.875,0.0329999960958957,16814.73046875,0.0439999997615814,0.0,2698.926513671875,1570.0,2.687396287918091,-0.6641445755958557,287.1830749511719,0.0001392045087413,0.0,1,266.4144592285156,0.0,-0.8045938014984131,0.0,33628.6171875,77.80012512207031,69.37250518798828,-6.149999618530273,111.74051666259766,0.0010999999940395,0.0,0.0,0.0,68.75749969482422,0.0,286.6994934082031,0.0,-3.992748022079468,0.0,0.0,0.0999999940395355,0.9067617654800416,0.0,3.648159742355346,50.0,94.0919418334961,0.0,0.0,23.9486083984375,0.0,50.0,50.0,287.0644836425781,1593.263671875,0.8045938014984131,0.0,69.37366485595703,Reactor Scram,293.4872436523437
0.0,1.02066969871521,0.0,57.564571380615234,0.0,0.0,0.0,0.0,300.0268249511719,287.42242431640625,15.1383056640625,3.1392715754918754e-05,1.0770425433292983e-05,1.0187594890594482,0.0,74614.96875,15.02253246307373,319.4303894042969,0.0,1.0193963050842283,7.924896240234375,32.00768280029297,5.154753125680145e-06,122.44357299804688,1755.7054443359375,0.0,0.0,11.80813217163086,1.034000039100647,2.665765285491944,286.9488220214844,93.8999481201172,0.0,50.0,2.035537004470825,0.0,87.60834503173828,0.0,0.0,1310.5,0.0,300.0321044921875,32.007957458496094,67.55085754394531,0.7699753046035767,1455.809326171875,300.0268249511719,255.6003875732422,748099.875,0.0329999960958957,16857.1953125,0.0439999997615814,0.0,2698.1708984375,1580.0,2.658585786819458,-0.6894482374191284,287.4226989746094,0.0001392045087413,0.0,1,268.94482421875,0.0,-0.7991809844970703,0.0,33651.29296875,76.96605682373047,69.64984893798828,-6.149999618530273,112.11028289794922,0.0010999999940395,0.0,0.0,0.0,68.9254150390625,0.0,286.94854736328125,0.0,-4.033935546875,0.0,0.0,0.0999999940395355,0.9067617654800416,0.0,3.547023296356201,50.0,93.8999481201172,0.0,0.0,23.60041046142578,0.0,50.0,50.0,287.306884765625,1593.002685546875,0.7991809844970703,0.0,69.6510009765625,Reactor Scram,293.66082763671875
0.0,1.02066969871521,0.0,57.68843078613281,0.0,0.0,0.0,0.0,300.13433837890625,287.658447265625,15.15253448486328,3.1392715754918754e-05,1.0770425433292983e-05,1.0191030502319336,0.0,77133.4296875,15.028533935546877,319.68084716796875,0.0,1.0196253061294556,7.924896240234375,32.02216339111328,5.154753125680145e-06,123.37010192871094,1755.7078857421875,0.0,0.0,11.63437843322754,1.034000039100647,2.638479709625244,287.1941833496094,93.70890808105467,0.0,50.0,2.019925117492676,0.0,88.5409927368164,0.0,0.0,1310.5,0.0,300.1398010253906,32.02239990234375,67.6214828491211,0.7698059678077698,1457.3348388671875,300.13433837890625,255.86671447753903,771534.9375,0.0329999960958957,16857.1953125,0.0439999997615814,0.0,2697.415283203125,1590.0,2.631099462509156,-0.7146756052970886,287.65869140625,0.0001392045087413,0.0,1,271.4675598144531,0.0,-0.7937626838684082,0.0,33662.64453125,76.17032623291016,69.9236068725586,-6.149999618530273,112.4783172607422,0.0010999999940395,0.0,0.0,0.0,69.0927963256836,0.0,287.1939392089844,0.0,-4.074944019317627,0.0,0.0,0.0999999940395355,0.9067617654800416,0.0,3.4465231895446777,50.0,93.70890808105467,0.0,0.0,23.25361442565918,0.0,50.0,50.0,287.5458984375,1592.7415771484375,0.7937626838684082,0.0,69.92475128173828,Reactor Scram,293.83416748046875
0.0,1.02066969871521,0.0,57.8155632019043,0.0,0.0,0.0,0.0,300.2447814941406,287.8914489746094,15.16671657562256,3.1392715754918754e-05,1.0770425433292983e-05,1.019446611404419,0.0,79649.359375,15.034456253051758,319.9324645996094,0.0,1.0198543071746826,7.924896240234375,32.0408821105957,5.154753125680145e-06,124.31018829345705,1755.7103271484375,0.0,0.0,11.46357536315918,1.034000039100647,2.6124160289764404,287.4362487792969,93.51702880859376,0.0,50.0,2.0043957233428955,0.0,89.45088195800781,0.0,0.0,1310.5,0.0,300.2503967285156,32.041015625,67.69122314453125,0.7696320414543152,1458.865478515625,300.2447814941406,256.1317749023437,794967.1875,0.0329999960958957,16857.1953125,0.0439999997615814,0.0,2696.65283203125,1600.0,2.6048519611358643,-0.739827573299408,287.8915710449219,0.0001392045087413,0.0,1,273.9827575683594,0.0,-0.7910515069961548,0.0,33673.9921875,75.41046142578125,70.19377136230469,-6.149999618530273,112.84813690185548,0.0010999999940395,0.0,0.0,0.0,69.25961303710938,0.0,287.43609619140625,0.0,-4.115799427032471,0.0,0.0,0.0999999940395355,0.9067617654800416,0.0,3.346503257751465,50.0,93.51702880859376,0.0,0.0,22.91229248046875,0.0,50.0,50.0,287.7818908691406,1592.480712890625,0.7910515069961548,0.0,70.19491577148438,Reactor Scram,294.0074768066406
0.0,1.02066969871521,0.0,57.94703674316406,0.0,0.0,0.0,0.0,300.35791015625,288.1217041015625,15.180853843688965,3.1392715754918754e-05,1.0770425433292983e-05,1.0201338529586792,0.0,82162.8125,15.04029941558838,320.1863098144531,0.0,1.0203125476837158,7.924896240234375,32.06454849243164,5.154753125680145e-06,125.26395416259766,1755.7127685546875,0.0,0.0,11.296990394592283,1.034000039100647,2.587480306625366,287.6752319335937,93.32342529296876,0.0,50.0,1.9889349937438965,0.0,90.35346221923828,0.0,0.0,1310.5,0.0,300.3636474609375,32.06458282470703,67.76001739501953,0.7694538831710815,1460.408447265625,300.35791015625,256.39520263671875,818396.625,0.0329999960958957,16857.1953125,0.0439999997615814,0.0,2695.8798828125,1610.0,2.57973051071167,-0.7649029493331909,288.12176513671875,0.0001392045087413,0.0,1,276.49029541015625,0.0,-0.7856250405311584,0.0,33696.69140625,74.68319702148438,70.46048736572266,-6.149999618530273,113.22132110595705,0.0010999999940395,0.0,0.0,0.0,69.42591094970703,0.0,287.6752014160156,0.0,-4.156513690948486,0.0,0.0,0.0999999940395355,0.9067617654800416,0.0,3.2470881938934326,50.0,93.32342529296876,0.0,0.0,22.57965660095215,0.0,50.0,50.0,288.0151672363281,1592.2218017578125,0.7856250405311584,0.0,70.46161651611328,Reactor Scram,294.1807556152344
0.0,1.02066969871521,0.0,58.08277130126953,0.0,0.0,0.0,0.0,300.4736022949219,288.3494873046875,15.194952964782717,3.1392715754918754e-05,1.0770425433292983e-05,1.0204774141311646,0.0,84673.7578125,15.046069145202637,320.44268798828125,0.0,1.0205415487289429,7.924896240234375,32.09323501586914,5.154753125680145e-06,126.2314910888672,1755.7152099609375,0.0,0.0,11.133569717407228,1.034000039100647,2.5635886192321777,287.9115905761719,93.1278839111328,0.0,50.0,1.973530411720276,0.0,91.22247314453124,0.0,0.0,1310.5,0.0,300.4794616699219,32.09320068359375,67.82786560058594,0.7692716717720032,1461.965087890625,300.4736022949219,256.6568908691406,841823.25,0.0329999960958957,16857.1953125,0.0439999997615814,0.0,2695.09521484375,1620.0,2.555670976638794,-0.7899023294448853,288.3494567871094,0.0001392045087413,0.0,1,278.990234375,0.0,-0.7829097509384155,0.0,33708.04296875,73.9866714477539,70.72412109375,-6.149999618530273,113.5982437133789,0.0010999999940395,0.0,0.0,0.0,69.591796875,0.0,287.9115905761719,0.0,-4.197099685668945,0.0,0.0,0.0999999940395355,0.9067617654800416,0.0,3.148341178894043,50.0,93.1278839111328,0.0,0.0,22.253076553344727,0.0,50.0,50.0,288.2460021972656,1591.9630126953125,0.7829097509384155,0.0,70.7252426147461,Reactor Scram,294.35406494140625
0.0,1.02066969871521,0.0,58.22259140014648,0.0,0.0,0.0,0.0,300.5917358398437,288.5750427246094,15.209022521972656,3.1392715754918754e-05,1.0770425433292983e-05,1.0208215713500977,0.0,87182.21875,15.05177402496338,320.7013244628906,0.0,1.0207709074020386,7.924896240234375,32.12639617919922,5.154753125680145e-06,127.21292877197266,1755.7176513671875,0.0,0.0,10.974153518676758,1.034000039100647,2.540665864944458,288.1453857421875,92.9306182861328,0.0,50.0,1.958171367645264,0.0,92.07263946533205,0.0,0.0,1310.5,0.0,300.59771728515625,32.12629699707031,67.89505004882812,0.7690855860710144,1463.533935546875,300.5917358398437,256.9176330566406,865247.125,0.0329999960958957,16857.1953125,0.0439999997615814,0.0,2694.30029296875,1630.0,2.532588720321656,-0.8148248791694641,288.574951171875,0.0001392045087413,0.0,1,281.48248291015625,0.0,-0.7829097509384155,0.0,33719.40625,73.31844329833984,70.98477935791016,-6.149999618530273,113.97834777832033,0.0010999999940395,0.0,0.0,0.0,69.75728607177734,0.0,288.1455078125,0.0,-4.23756742477417,0.0,0.0,0.0999999940395355,0.9067617654800416,0.0,3.0499489307403564,50.0,92.9306182861328,0.0,0.0,21.934499740600582,0.0,50.0,50.0,288.4745483398437,1591.7042236328125,0.7829097509384155,0.0,70.98590850830078,Reactor Scram,294.5274658203125
0.0,1.0232495069503784,0.0,58.36289978027344,0.0,0.0,0.0,0.0,300.7120361328125,288.79803466796875,15.223058700561523,3.1392715754918754e-05,1.0770425433292983e-05,1.021165370941162,0.0,89688.1640625,15.057417869567873,320.9588317871094,0.0,1.021860122680664,7.924896240234375,32.16057586669922,5.154753125680145e-06,128.20831298828125,1755.7200927734375,0.0,0.0,10.818835258483888,1.034000039100647,2.5186431407928467,288.37725830078125,92.7342300415039,0.0,50.0,1.942860960960388,0.0,92.95643615722656,0.0,0.0,1310.5,0.0,300.7181091308594,32.16081619262695,67.96150207519531,0.7688960433006287,1465.09423828125,300.7120361328125,257.17645263671875,888668.1875,0.0329999960958957,16899.802734375,0.0439999997615814,0.0,2693.50439453125,1640.0,2.510440826416016,-0.839670717716217,288.7982482910156,0.0001392045087413,0.0,1,283.9670715332031,0.0,-0.777475118637085,0.0,33730.765625,72.67726135253906,71.2425537109375,-6.149999618530273,114.35655975341795,0.0010999999940395,0.0,0.0,0.0,69.92239379882812,0.0,288.3770446777344,0.0,-4.277913570404053,0.0,0.0,0.0999999940395355,0.9067617654800416,0.0,2.952276945114136,50.0,92.7342300415039,0.0,0.0,21.62266540527344,0.0,50.0,50.0,288.7008056640625,1591.4453125,0.777475118637085,0.0,71.2436752319336,Reactor Scram,294.7008056640625
0.0,1.0232495069503784,0.0,58.50248336791992,0.0,0.0,0.0,0.0,300.834228515625,289.019287109375,15.237066268920898,3.1392715754918754e-05,1.0770425433292983e-05,1.0215096473693848,0.0,92191.640625,15.06300163269043,321.20849609375,0.0,1.022089600563049,7.924896240234375,32.18902587890625,5.154753125680145e-06,129.21774291992188,1755.7225341796875,0.0,0.0,10.666786193847656,1.034000039100647,2.4974608421325684,288.6063232421875,92.53946685791016,0.0,50.0,1.9275925159454343,0.0,93.77178955078124,0.0,0.0,1310.5,0.0,300.84039306640625,32.189231872558594,68.02725219726562,0.7687036395072937,1466.6402587890625,300.834228515625,257.4328918457031,912086.5,0.0329999960958957,16899.802734375,0.0439999997615814,0.0,2692.711669921875,1650.0,2.489128589630127,-0.8644402623176575,289.0194702148437,0.0001392045087413,0.0,1,286.44403076171875,0.0,-0.777475118637085,0.0,33742.13671875,72.06027221679688,71.49749755859375,-6.149999618530273,114.7316436767578,0.0010999999940395,0.0,0.0,0.0,70.087158203125,0.0,288.60614013671875,0.0,-4.318143844604492,0.0,0.0,0.0999999940395355,0.9067617654800416,0.0,2.8555126190185547,50.0,92.53946685791016,0.0,0.0,21.31841468811035,0.0,50.0,50.0,288.9249267578125,1591.188720703125,0.777475118637085,0.0,71.49861145019531,Reactor Scram,294.8739929199219
0.0,1.0232495069503784,0.0,58.64179992675781,0.0,0.0,0.0,0.0,300.9585876464844,289.2398376464844,15.251047134399414,3.1392715754918754e-05,1.0770425433292983e-05,1.0221989154815674,0.0,94692.6171875,15.068528175354004,321.4482116699219,0.0,1.0225491523742676,7.924896240234375,32.20821762084961,5.154753125680145e-06,130.24122619628906,1755.7249755859375,0.0,0.0,10.522541046142578,1.034000039100647,2.477062702178955,288.8327331542969,92.34600067138672,0.0,50.0,1.9123106002807613,0.0,94.5872039794922,0.0,0.0,1310.5,0.0,300.9648742675781,32.20835494995117,68.09232330322266,0.7685077786445618,1468.17431640625,300.9585876464844,257.687255859375,935501.875,0.0329999960958957,16899.802734375,0.0439999997615814,0.0,2691.920166015625,1660.0,2.468559741973877,-0.8891342282295227,289.239990234375,0.0001392045087413,0.0,1,288.9134216308594,0.0,-0.7720348834991455,0.0,33764.90234375,71.46480560302734,71.74971771240234,-6.149999618530273,115.1042709350586,0.0010999999940395,0.0,0.0,0.0,70.2516098022461,0.0,288.8326110839844,0.0,-4.358315467834473,0.0,0.0,0.0999999940395355,0.9067617654800416,0.0,2.759520530700684,50.0,92.34600067138672,0.0,0.0,21.03084754943848,0.0,50.0,50.0,289.1477966308594,1590.93212890625,0.7720348834991455,0.0,71.75082397460938,Reactor Scram,295.047607421875
0.0,1.0232495069503784,0.0,58.78125,0.0,0.0,0.0,0.0,301.0855712890625,289.4598999023437,15.264996528625488,3.1392715754918754e-05,1.0770425433292983e-05,1.0225436687469482,0.0,97191.125,15.07399559020996,321.68658447265625,0.0,1.0227789878845217,7.924896240234375,32.2265625,5.154753125680145e-06,131.27879333496094,1755.7274169921875,0.0,0.0,10.389894485473633,1.034000039100647,2.4573986530303955,289.0575561523437,92.1536102294922,0.0,50.0,1.8969860076904297,0.0,95.3738250732422,0.0,0.0,1310.5,0.0,301.09197998046875,32.22666549682617,68.15658569335938,0.7683077454566956,1469.69873046875,301.0855712890625,257.93994140625,958914.5,0.0329999960958957,16899.802734375,0.0439999997615814,0.0,2691.12939453125,1670.0,2.4487133026123047,-0.9137524366378784,289.46002197265625,0.0001392045087413,0.0,1,291.375244140625,0.0,-0.7720348834991455,0.0,33776.2890625,70.89025115966797,71.99916076660156,-6.149999618530273,115.47482299804688,0.0010999999940395,0.0,0.0,0.0,70.4157485961914,0.0,289.0574645996094,0.0,-4.398458480834961,0.0,0.0,0.0999999940395355,0.9067617654800416,0.0,2.664175271987915,50.0,92.1536102294922,0.0,0.0,20.76580238342285,0.0,50.0,50.0,289.3697814941406,1590.675537109375,0.7720348834991455,0.0,72.0002670288086,Reactor Scram,295.2221374511719
0.0,1.0232495069503784,0.0,58.920257568359375,0.0,0.0,0.0,0.0,301.21484375,289.6796264648437,15.278928756713867,3.1392715754918754e-05,1.0770425433292983e-05,1.0228883028030396,0.0,99687.1640625,15.079412460327148,321.92340087890625,0.0,1.0230087041854858,7.924896240234375,32.24375534057617,5.154753125680145e-06,132.33050537109375,1755.7298583984375,0.0,0.0,10.319247245788574,1.034000039100647,2.438423156738281,289.28045654296875,91.96245574951172,0.0,50.0,1.8816672563552856,0.0,96.14282989501952,0.0,0.0,1310.5,0.0,301.2213134765625,32.24375534057617,68.22037506103516,0.7681041955947876,1471.211669921875,301.21484375,258.1907043457031,982324.5,0.0329999960958957,16899.802734375,0.0439999997615814,0.0,2690.339599609375,1680.0,2.429638385772705,-0.9382959008216858,289.6796264648437,0.0001392045087413,0.0,1,293.82958984375,0.0,-0.7665892243385315,0.0,33787.67578125,70.33802795410156,72.24637603759766,-6.149999618530273,115.84294128417967,0.0010999999940395,0.0,0.0,0.0,70.57962036132812,0.0,289.280517578125,0.0,-4.43852424621582,0.0,0.0,0.0999999940395355,0.9067617654800416,0.0,2.5695502758026123,50.0,91.96245574951172,0.0,0.0,20.625593185424805,0.0,50.0,50.0,289.5902709960937,1590.4188232421875,0.7665892243385315,0.0,72.24748229980469,Reactor Scram,295.3970642089844
0.0,1.0232495069503784,0.0,59.05671310424805,0.0,0.0,0.0,0.0,301.3447570800781,289.8977966308594,15.29287338256836,3.1392715754918754e-05,1.0770425433292983e-05,1.0232328176498413,0.0,102180.71875,15.08481216430664,322.1578063964844,0.0,1.0232384204864502,7.924896240234375,32.260032653808594,5.154753125680145e-06,133.3963623046875,1755.7322998046875,0.0,0.0,10.269057273864746,1.034000039100647,2.420094013214112,289.50018310546875,91.77326202392578,0.0,50.0,1.8664531707763672,0.0,96.89415740966795,0.0,0.0,1310.5,0.0,301.3512268066406,32.2599983215332,68.2839584350586,0.7678996324539185,1472.7076416015625,301.3447570800781,258.4385681152344,1005731.625,0.0329999960958957,16899.802734375,0.0439999997615814,0.0,2689.553955078125,1690.0,2.4113070964813232,-0.962764859199524,289.89776611328125,0.0001392045087413,0.0,1,296.2764892578125,0.0,-0.7611380219459534,0.0,33799.0546875,69.80734252929688,72.49274444580078,-6.149999618530273,116.20726013183594,0.0010999999940395,0.0,0.0,0.0,70.74365234375,0.0,289.5002746582031,0.0,-4.478411674499512,0.0,0.0,0.0999999940395355,0.9067617654800416,0.0,2.476010322570801,50.0,91.77326202392578,0.0,0.0,20.52587127685547,0.0,50.0,50.0,289.80780029296875,1590.1641845703125,0.7611380219459534,0.0,72.49383544921875,Reactor Scram,295.5708923339844
0.0,1.025836944580078,0.0,59.19084548950195,0.0,0.0,0.0,0.0,301.474853515625,290.1129455566406,15.3068208694458,3.1392715754918754e-05,1.0770425433292983e-05,1.0235778093338013,0.0,104671.796875,15.09018898010254,322.3899230957031,0.0,1.0243308544158936,7.924896240234375,32.27678298950195,5.154753125680145e-06,134.47637939453125,1755.7347412109375,0.0,0.0,10.209413528442385,1.034000039100647,2.402373552322388,289.71746826171875,91.58592987060548,0.0,50.0,1.851328730583191,0.0,97.68927001953124,0.0,0.0,1310.5,0.0,301.4813537597656,32.27695083618164,68.34715270996094,0.7676947116851807,1474.18798828125,301.474853515625,258.6837158203125,1029135.875,0.0329999960958957,16942.537109375,0.0439999997615814,0.0,2688.7724609375,1700.0,2.3935704231262207,-0.98716002702713,290.1131286621094,0.0001392045087413,0.0,1,298.71600341796875,0.0,-0.7611380219459534,0.0,33810.44921875,69.29386138916016,72.73805236816406,-6.149999618530273,116.56802368164062,0.0010999999940395,0.0,0.0,0.0,70.90777587890625,0.0,289.7173156738281,0.0,-4.518136501312256,0.0,0.0,0.0999999940395355,0.9067617654800416,0.0,2.3835034370422363,50.0,91.58592987060548,0.0,0.0,20.40463638305664,0.0,50.0,50.0,290.0227355957031,1589.9097900390625,0.7611380219459534,0.0,72.73914337158203,Reactor Scram,295.7434387207031
0.0,1.025836944580078,0.0,59.3249626159668,0.0,0.0,0.0,0.0,301.6053466796875,290.32568359375,15.32077693939209,3.1392715754918754e-05,1.0770425433292983e-05,1.0239229202270508,0.0,107160.421875,15.095538139343262,322.6216735839844,0.0,1.0245609283447266,7.924896240234375,32.295738220214844,5.154753125680145e-06,135.57057189941406,1755.7371826171875,0.0,0.0,10.141714096069336,1.034000039100647,2.3852267265319824,289.932373046875,91.39886474609376,0.0,50.0,1.8362656831741333,0.0,98.4171142578125,0.0,0.0,1310.5,0.0,301.61187744140625,32.29597473144531,68.41020202636719,0.7674891352653503,1475.66455078125,301.6053466796875,258.9264831542969,1052537.5,0.0329999960958957,16942.537109375,0.0439999997615814,0.0,2687.988525390625,1710.0,2.3763790130615234,-1.0114818811416626,290.325927734375,0.0001392045087413,0.0,1,301.148193359375,0.0,-0.7611380219459534,0.0,33821.8515625,68.79617309570312,72.98211669921875,-6.149999618530273,116.92849731445312,0.0010999999940395,0.0,0.0,0.0,71.07190704345703,0.0,289.93212890625,0.0,-4.557726860046387,0.0,0.0,0.0999999940395355,0.9067617654800416,0.0,2.2918941974639893,50.0,91.39886474609376,0.0,0.0,20.2699031829834,0.0,50.0,50.0,290.2354431152344,1589.6552734375,0.7611380219459534,0.0,72.98320770263672,Reactor Scram,295.91510009765625
0.0,1.025836944580078,0.0,59.460697174072266,0.0,0.0,0.0,0.0,301.73651123046875,290.53643798828125,15.334733963012695,3.1392715754918754e-05,1.0770425433292983e-05,1.0242682695388794,0.0,109646.578125,15.100860595703123,322.8546142578125,0.0,1.024791240692139,7.924896240234375,32.318016052246094,5.154753125680145e-06,136.67901611328125,1755.7396240234375,0.0,0.0,10.070006370544434,1.034000039100647,2.3686208724975586,290.14520263671875,91.21086120605467,0.0,50.0,1.8212424516677856,0.0,99.1328125,0.0,0.0,1310.5,0.0,301.7431030273437,32.31818389892578,68.47281646728516,0.7672825455665588,1477.1475830078125,301.73651123046875,259.16680908203125,1075936.25,0.0329999960958957,16942.537109375,0.0439999997615814,0.0,2687.196533203125,1720.0,2.3597328662872314,-1.035730004310608,290.53662109375,0.0001392045087413,0.0,1,303.572998046875,0.0,-0.7556812763214111,0.0,33833.2578125,68.31427001953125,73.2248764038086,-6.149999618530273,117.29082489013672,0.0010999999940395,0.0,0.0,0.0,71.23609924316406,0.0,290.14501953125,0.0,-4.597204685211182,0.0,0.0,0.0999999940395355,0.9067617654800416,0.0,2.2012031078338623,50.0,91.21086120605467,0.0,0.0,20.12630653381348,0.0,50.0,50.0,290.4462890625,1589.40087890625,0.7556812763214111,0.0,73.22595977783203,Reactor Scram,296.0861511230469
0.0,1.025836944580078,0.0,59.59791564941406,0.0,0.0,0.0,0.0,301.8684387207031,290.74530029296875,15.3486967086792,3.1392715754918754e-05,1.0770425433292983e-05,1.024613618850708,0.0,112130.2890625,15.106157302856444,323.0888977050781,0.0,1.0250214338302612,7.924896240234375,32.34344482421875,5.154753125680145e-06,137.80172729492188,1755.7420654296875,0.0,0.0,9.99471378326416,1.034000039100647,2.3525266647338867,290.3563232421875,91.02174377441406,0.0,50.0,1.8062443733215328,0.0,99.83830261230467,0.0,0.0,1310.5,0.0,301.8750305175781,32.34358215332031,68.53519439697266,0.7670747637748718,1478.6376953125,301.8684387207031,259.4039306640625,1099332.25,0.0329999960958957,16942.537109375,0.0439999997615814,0.0,2686.39599609375,1730.0,2.343568086624145,-1.0599042177200315,290.7454528808594,0.0001392045087413,0.0,1,305.99041748046875,0.0,-0.7556812763214111,0.0,33844.6640625,67.84629821777344,73.46649932861328,-6.149999618530273,117.65528106689452,0.0010999999940395,0.0,0.0,0.0,71.40034484863281,0.0,290.356201171875,0.0,-4.636584758758545,0.0,0.0,0.0999999940395355,0.9067617654800416,0.0,2.111722230911255,50.0,91.02174377441406,0.0,0.0,19.9759578704834,0.0,50.0,50.0,290.6554870605469,1589.1478271484375,0.7556812763214111,0.0,73.46758270263672,Reactor Scram,296.2567443847656
0.0,1.025836944580078,0.0,59.73701095581055,0.0,0.0,0.0,0.0,302.0011901855469,290.95263671875,15.362665176391602,3.1392715754918754e-05,1.0770425433292983e-05,1.0253041982650757,0.0,114611.5234375,15.111431121826172,323.3246154785156,0.0,1.0254818201065063,7.924896240234375,32.37196350097656,5.154753125680145e-06,138.93885803222656,1755.7445068359375,0.0,0.0,9.916468620300291,1.034000039100647,2.336916446685791,290.56597900390625,90.83148956298828,0.0,50.0,1.7912633419036863,0.0,100.54806518554688,0.0,0.0,1310.5,0.0,302.0078125,32.37199783325195,68.59722900390625,0.7668657302856445,1480.135986328125,302.0011901855469,259.6390991210937,1122725.5,0.0329999960958957,16942.537109375,0.0439999997615814,0.0,2685.586669921875,1740.0,2.327898979187012,-1.0840039253234863,290.9526672363281,0.0001392045087413,0.0,1,308.400390625,0.0,-0.7502189874649048,0.0,33867.4765625,67.3926773071289,73.70694732666016,-6.149999618530273,118.02188110351562,0.0010999999940395,0.0,0.0,0.0,71.5646743774414,0.0,290.56591796875,0.0,-4.675874710083008,0.0,0.0,0.0999999940395355,0.9067617654800416,0.0,2.022982597351074,50.0,90.83148956298828,0.0,0.0,19.82035446166992,0.0,50.0,50.0,290.8632202148437,1588.8956298828125,0.7502189874649048,0.0,73.70802307128906,Reactor Scram,296.427001953125
0.0,1.025836944580078,0.0,59.87565994262695,0.0,0.0,0.0,0.0,302.13482666015625,291.1584777832031,15.376635551452637,3.1392715754918754e-05,1.0770425433292983e-05,1.025649905204773,0.0,117090.3203125,15.116677284240724,323.5595397949219,0.0,1.025712251663208,7.924896240234375,32.40108871459961,5.154753125680145e-06,140.09039306640625,1755.7469482421875,0.0,0.0,9.83716869354248,1.034000039100647,2.321765422821045,290.77423095703125,90.6418914794922,0.0,50.0,1.776288986206055,0.0,101.23162841796876,0.0,0.0,1310.5,0.0,302.1415405273437,32.40105438232422,68.65900421142578,0.7666552662849426,1481.62744140625,302.13482666015625,259.87225341796875,1146116.0,0.0329999960958957,16942.537109375,0.0439999997615814,0.0,2684.77587890625,1750.0,2.312690258026123,-1.1080294847488403,291.158447265625,0.0001392045087413,0.0,1,310.8029479980469,0.0,-0.7447510957717896,0.0,33878.89453125,66.95238494873047,73.9461669921875,-6.149999618530273,118.38703918457033,0.0010999999940395,0.0,0.0,0.0,71.72900390625,0.0,290.7742919921875,0.0,-4.715085029602051,0.0,0.0,0.0999999940395355,0.9067617654800416,0.0,1.9349942207336424,50.0,90.6418914794922,0.0,0.0,19.661983489990234,0.0,50.0,50.0,291.0696105957031,1588.6434326171875,0.7447510957717896,0.0,73.94723510742188,Reactor Scram,296.5971069335937
0.0,1.025836944580078,0.0,60.01302719116211,0.0,0.0,0.0,0.0,302.269287109375,291.363037109375,15.390612602233888,3.1392715754918754e-05,1.0770425433292983e-05,1.0259957313537598,0.0,119566.671875,15.12189769744873,323.7928161621094,0.0,1.0259428024291992,7.924896240234375,32.42984390258789,5.154753125680145e-06,141.2564239501953,1755.7493896484375,0.0,0.0,9.757025718688965,1.034000039100647,2.307049512863159,290.9812927246094,90.45359802246094,0.0,50.0,1.7613177299499512,0.0,101.904541015625,0.0,0.0,1310.5,0.0,302.2760314941406,32.42977523803711,68.72042846679688,0.7664434313774109,1483.1075439453125,302.269287109375,260.1035461425781,1169503.75,0.0329999960958957,16942.537109375,0.0439999997615814,0.0,2683.967041015625,1760.0,2.2979273796081543,-1.1319814920425415,291.3629455566406,0.0001392045087413,0.0,1,313.1981506347656,0.0,-0.739277720451355,0.0,33890.31640625,66.52499389648438,74.18413543701172,-6.149999618530273,118.74966430664062,0.0010999999940395,0.0,0.0,0.0,71.89344024658203,0.0,290.9814147949219,0.0,-4.754220008850098,0.0,0.0,0.0999999940395355,0.9067617654800416,0.0,1.847715258598328,50.0,90.45359802246094,0.0,0.0,19.50192070007324,0.0,50.0,50.0,291.2747497558594,1588.3912353515625,0.739277720451355,0.0,74.18519592285156,Reactor Scram,296.76690673828125
0.0,1.0284281969070437,0.0,60.14922332763672,0.0,0.0,0.0,0.0,302.4046325683594,291.5660400390625,15.40459156036377,3.1392715754918754e-05,1.0770425433292983e-05,1.0263413190841677,0.0,122040.578125,15.127077102661133,324.0245361328125,0.0,1.0270370244979858,7.924896240234375,32.45832824707031,5.154753125680145e-06,142.43692016601562,1755.7518310546875,0.0,0.0,9.677714347839355,1.034000039100647,2.292747259140014,291.1874389648437,90.26657104492188,0.0,50.0,1.7463433742523191,0.0,102.62853240966795,0.0,0.0,1310.5,0.0,302.4114074707031,32.45849609375,68.78142547607422,0.7662302851676941,1484.5765380859375,302.4046325683594,260.3330383300781,1192888.625,0.0329999960958957,16985.333984375,0.0439999997615814,0.0,2683.159423828125,1770.0,2.283575296401977,-1.1558603048324585,291.5661926269531,0.0001392045087413,0.0,1,315.5860290527344,0.0,-0.739277720451355,0.0,33901.734375,66.10950469970703,74.42085266113281,-6.149999618530273,119.1098861694336,0.0010999999940395,0.0,0.0,0.0,72.05787658691406,0.0,291.1872863769531,0.0,-4.793286323547363,0.0,0.0,0.0999999940395355,0.9067617654800416,0.0,1.7611148357391355,50.0,90.26657104492188,0.0,0.0,19.341856002807617,0.0,50.0,50.0,291.478759765625,1588.139892578125,0.739277720451355,0.0,74.42191314697266,Reactor Scram,296.93658447265625
0.0,1.0284281969070437,0.0,60.296653747558594,0.0,0.0,0.0,0.0,302.5406188964844,291.7686462402344,15.417607307434082,0.1854701340198516,6.850770296296105e-05,1.0266872644424438,0.0,124512.015625,15.131292343139648,324.254638671875,0.0,1.0272676944732666,7.924896240234375,32.48575973510742,5.154753125680145e-06,143.63198852539062,1755.7542724609375,0.0,0.0,9.702391624450684,1.034000039100647,2.2788381576538086,291.3915710449219,90.08084869384766,0.0,50.0,1.731392502784729,0.0,103.28118133544922,0.0,0.0,1310.5,0.0,302.54742431640625,32.48599624633789,68.89439392089844,0.7660160660743713,1486.0343017578125,302.5406188964844,260.5606384277344,1216270.875,131.09886169433594,16985.333984375,0.0439999997615814,0.0,2682.353515625,1780.0,2.2696549892425537,-1.1796658039093018,291.76885986328125,0.0014487222069874,0.0,1,317.9665832519531,0.0,5.827718257904053,0.0,33913.1640625,65.70651245117188,74.63440704345703,-6.149999618530273,119.46749114990234,0.0010999999940395,0.0,0.0,0.0,72.275634765625,0.0,291.3913269042969,0.0,-4.83225679397583,0.0,0.0,0.0999999940395355,0.9067617654800416,0.0,1.6752341985702517,50.0,90.08084869384766,0.0,0.0,19.391008377075195,0.0,50.0,50.0,291.6812438964844,1587.8900146484375,14.131361961364746,0.0,74.63554382324219,Reactor Scram,297.1059265136719
0.0,1.0284281969070437,0.0,60.49414825439453,0.0,0.0,0.0,0.0,302.6727294921875,291.9721984863281,15.426091194152832,0.4235006868839264,0.0001429815747542,1.0270330905914309,0.0,126981.0546875,15.131053924560549,324.4789733886719,0.0,1.0274981260299685,7.924896240234375,32.50664520263672,5.154753125680145e-06,144.84234619140625,1755.7567138671875,0.0,0.0,10.159459114074709,1.034000039100647,2.2653040885925293,291.5840759277344,89.8997802734375,0.0,50.0,1.717054843902588,0.0,103.8945083618164,0.0,0.0,1310.5,0.0,302.6790466308594,32.50678253173828,68.98003387451172,0.7658080458641052,1487.4542236328125,302.6727294921875,260.7822570800781,1239650.375,300.15740966796875,16985.333984375,0.0439999997615814,0.0,2681.563720703125,1790.0,2.2567615509033203,-1.2033993005752563,291.9723205566406,0.0031881085596978,0.0,1,320.3399353027344,0.0,14.165507316589355,0.0,33924.5859375,65.33324432373047,74.76209259033203,-6.149999618530273,119.81558990478516,0.0010999999940395,0.0,0.0,0.0,72.46585845947266,0.0,291.5838928222656,0.0,-4.870535850524902,0.0,0.0,0.0999999940395355,0.9067617654800416,0.0,1.591597080230713,50.0,89.8997802734375,0.0,0.0,20.30321502685547,0.0,50.0,50.0,291.8743591308594,1587.6400146484375,31.167875289916992,0.0,74.76339721679688,Reactor Scram,297.2689208984375
0.0,1.0284281969070437,0.0,60.71662521362305,0.0,0.0,0.0,0.0,302.7908630371094,292.16705322265625,15.431106567382812,0.600842297077179,0.0001988705189432,1.0273793935775757,0.0,129447.6328125,15.12740421295166,324.69140625,0.0,1.027729034423828,7.924896240234375,32.5242805480957,5.154753125680145e-06,146.06887817382812,1755.7591552734375,0.0,0.0,10.843477249145508,1.034000039100647,2.252126455307007,291.756103515625,89.72833251953125,0.0,50.0,1.7040421962738037,0.0,104.47115325927734,0.0,0.0,1310.5,0.0,302.7962951660156,32.52434539794922,69.00196838378906,0.7656219601631165,1488.7978515625,302.7908630371094,260.99188232421875,1263027.125,427.0275268554688,16985.333984375,0.0439999997615814,0.0,2680.8125,1800.0,2.244802474975586,-1.227061748504639,292.1671142578125,0.004549148492515,0.0,1,322.7061767578125,0.0,20.28256797790528,0.0,33936.0234375,64.98703002929688,74.83118438720703,-6.149999618530273,120.14483642578124,0.0010999999940395,0.0,0.0,0.0,72.5910873413086,0.0,291.7559814453125,0.0,-4.907397270202637,0.0,0.0,0.0999999940395355,0.9067617654800416,0.0,1.512499451637268,50.0,89.72833251953125,0.0,0.0,21.6701717376709,0.0,50.0,50.0,292.0487060546875,1587.3900146484375,43.67628860473633,0.0,74.83260345458984,Reactor Scram,297.41571044921875
0.0,1.0284281969070437,0.0,60.94536972045898,0.0,0.0,0.0,0.0,302.8891296386719,292.3441162109375,15.433700561523438,0.7373560070991516,0.0002422590623609,1.0277256965637207,0.0,131911.796875,15.121357917785645,324.8890686035156,0.0,1.027959942817688,7.924896240234375,32.54489517211914,5.154753125680145e-06,147.31195068359375,1755.7615966796875,0.0,0.0,11.602373123168944,1.034000039100647,2.2392897605896,291.90460205078125,89.56879425048828,0.0,50.0,1.6926705837249756,0.0,105.0272979736328,0.0,0.0,1310.5,0.0,302.8934936523437,32.54492950439453,68.97986602783203,0.76546710729599,1490.04736328125,302.8891296386719,261.18670654296875,1286401.0,525.5211181640625,16985.333984375,0.0439999997615814,0.0,2680.1103515625,1810.0,2.233402967453003,-1.2506555318832395,292.3441772460937,0.0056560887023806,0.0,1,325.0655517578125,0.0,24.915985107421875,0.0,33947.4609375,64.65701293945312,74.8633804321289,-6.149999618530273,120.45101165771484,0.0010999999940395,0.0,0.0,0.0,72.671630859375,0.0,291.9045715332031,0.0,-4.942517757415772,0.0,0.0,0.0999999940395355,0.9067617654800416,0.0,1.4389740228652954,50.0,89.56879425048828,0.0,0.0,23.187334060668945,0.0,50.0,50.0,292.20037841796875,1587.1400146484375,53.13361740112305,0.0,74.8648910522461,Reactor Scram,297.5412292480469
0.0,1.0284281969070437,0.0,61.17026519775391,0.0,0.0,0.0,0.0,302.9656066894531,292.4984436035156,15.434552192687988,0.8449771404266357,0.0002768023405224,1.0280721187591553,0.0,134373.53125,15.113577842712402,325.0712585449219,0.0,1.028190851211548,7.924896240234375,32.57286834716797,5.154753125680145e-06,148.57159423828125,1755.7640380859375,0.0,0.0,12.351567268371582,1.034000039100647,2.2267777919769287,292.0297546386719,89.42173767089844,0.0,50.0,1.6830357313156128,0.0,105.5702667236328,0.0,0.0,1310.5,0.0,302.9688720703125,32.57280349731445,68.92621612548828,0.7653467655181885,1491.1981201171875,302.9656066894531,261.3660888671875,1309772.375,603.9357299804688,16985.333984375,0.0439999997615814,0.0,2679.46044921875,1820.0,2.2223927974700928,-1.2741827964782717,292.4983825683594,0.0065833968110382,0.0,1,327.41827392578125,0.0,28.503461837768555,0.0,33958.90625,64.33827209472656,74.87199401855469,-6.149999618530273,120.73313903808594,0.0010999999940395,0.0,0.0,0.0,72.72025299072266,0.0,292.02984619140625,0.0,-4.975800037384033,0.0,0.0,0.0999999940395355,0.9067617654800416,0.0,1.3712817430496216,50.0,89.42173767089844,0.0,0.0,24.68512344360352,0.0,50.0,50.0,292.3283996582031,1586.8919677734375,60.43339920043945,0.0,74.8735580444336,Reactor Scram,297.6440734863281
0.0,1.0284281969070437,0.0,61.38702392578125,0.0,0.0,0.0,0.0,303.020263671875,292.6285095214844,15.434124946594238,0.9310324788093568,0.0003047403006348,1.028418779373169,0.0,136832.84375,15.104516983032228,325.2392272949219,0.0,1.0284219980239868,7.924896240234375,32.61081314086914,5.154753125680145e-06,149.84780883789062,1755.7664794921875,0.0,0.0,13.046553611755373,1.034000039100647,2.2145769596099854,292.1327209472656,89.28614807128906,0.0,50.0,1.6750950813293457,0.0,106.10675048828124,0.0,0.0,1310.5,0.0,303.0224304199219,32.61071014404297,68.84918975830078,0.7652606964111328,1492.2589111328125,303.020263671875,261.53045654296875,1333140.75,667.3558959960938,16985.333984375,0.0439999997615814,0.0,2678.85888671875,1830.0,2.211623430252075,-1.2976446151733398,292.62841796875,0.007376154884696,0.0,1,329.76446533203125,0.0,31.30170440673828,0.0,33970.35546875,64.02649688720703,74.86536407470703,-6.149999618530273,120.99333953857422,0.0010999999940395,0.0,0.0,0.0,72.74537658691406,0.0,292.1328430175781,0.0,-5.007288455963135,0.0,0.0,0.0999999940395355,0.9067617654800416,0.0,1.309266209602356,50.0,89.28614807128906,0.0,0.0,26.07495880126953,0.0,50.0,50.0,292.4335327148437,1586.6441650390625,66.13868713378906,0.0,74.8669662475586,Reactor Scram,297.7245483398437
0.0,1.0310276746749878,0.0,61.59355163574219,0.0,0.0,0.0,0.0,303.0546875,292.7351989746094,15.43274974822998,1.0003012418746948,0.0003275306662544,1.028765082359314,0.0,139289.75,15.09449863433838,325.3943176269531,0.0,1.0295193195343018,7.924896240234375,32.65903091430664,5.154753125680145e-06,151.14044189453125,1755.7689208984375,0.0,0.0,13.669312477111816,1.034000039100647,2.2026734352111816,292.2154541015625,89.16098022460938,0.0,50.0,1.6687177419662476,0.0,106.7047882080078,0.0,0.0,1310.5,0.0,303.055908203125,32.65913391113281,68.75457000732422,0.7652063965797424,1493.237548828125,303.0546875,261.6809387207031,1356506.5,719.0909423828125,17028.265625,0.0439999997615814,0.0,2678.301513671875,1840.0,2.201016902923584,-1.3210434913635254,292.7352905273437,0.0080632343888282,0.0,1,332.1043395996094,0.0,33.500511169433594,0.0,33981.79296875,63.71944046020508,74.84893798828125,-6.149999618530273,121.23353576660156,0.0010999999940395,0.0,0.0,0.0,72.75275421142578,0.0,292.2152709960937,0.0,-5.037118911743164,0.0,0.0,0.0999999940395355,0.9067617654800416,0.0,1.2524785995483398,50.0,89.16098022460938,0.0,0.0,27.318021774291992,0.0,50.0,50.0,292.51776123046875,1586.3963623046875,70.59648895263672,0.0,74.85055541992188,Reactor Scram,297.78436279296875
0.0,1.0310276746749878,0.0,61.7888069152832,0.0,0.0,0.0,0.0,303.0709228515625,292.8207092285156,15.430675506591797,1.0561071634292605,0.0003461849701125,1.0291117429733276,0.0,141744.21875,15.083768844604492,325.53765869140625,0.0,1.0297504663467407,7.924896240234375,32.7166748046875,5.154753125680145e-06,152.4493408203125,1755.7713623046875,0.0,0.0,14.209528923034668,1.034000039100647,2.191054582595825,292.2796630859375,89.0452880859375,0.0,50.0,1.6637470722198486,0.0,107.23702239990234,0.0,0.0,1310.5,0.0,303.0712890625,32.71694564819336,68.6463394165039,0.7651808261871338,1494.1414794921875,303.0709228515625,261.818603515625,1379869.625,761.4369506835938,17028.265625,0.0439999997615814,0.0,2677.784423828125,1850.0,2.190544843673706,-1.3443801403045654,292.82098388671875,0.0086643435060977,0.0,1,334.4380187988281,0.0,35.20301055908203,0.0,33993.24609375,63.41627502441406,74.82638549804688,-6.149999618530273,121.45555114746094,0.0010999999940395,0.0,0.0,0.0,72.74674987792969,0.0,292.2793884277344,0.0,-5.065452098846436,0.0,0.0,0.0999999940395355,0.9067617654800416,0.0,1.2005224227905271,50.0,89.0452880859375,0.0,0.0,28.398277282714844,0.0,50.0,50.0,292.5832824707031,1586.1485595703125,74.07823944091797,0.0,74.8280258178711,Reactor Scram,297.8256530761719
0.0,1.0310276746749878,0.0,61.972747802734375,0.0,0.0,0.0,0.0,303.0712280273437,292.88739013671875,15.428091049194336,1.1008477210998535,0.0003614309825934,1.0294586420059204,0.0,144196.296875,15.072510719299316,325.67047119140625,0.0,1.0299817323684692,7.924896240234375,32.78286361694336,5.154753125680145e-06,153.77435302734375,1755.7738037109375,0.0,0.0,14.668112754821776,1.034000039100647,2.179708242416382,292.3277282714844,88.9380874633789,0.0,50.0,1.66001558303833,0.0,107.76815032958984,0.0,0.0,1310.5,0.0,303.07086181640625,32.783103942871094,68.52778625488281,0.7651804089546204,1494.97900390625,303.0712280273437,261.9449157714844,1403229.875,796.0460205078125,17028.265625,0.0439999997615814,0.0,2677.30419921875,1860.0,2.1801931858062744,-1.3676589727401731,292.8876037597656,0.0091933934018015,0.0,1,336.7658996582031,0.0,36.51588439941406,0.0,34004.70703125,63.11659240722656,74.80022430419922,-6.149999618530273,121.66132354736328,0.0010999999940395,0.0,0.0,0.0,72.73047637939453,0.0,292.32745361328125,0.0,-5.092462539672852,0.0,0.0,0.0999999940395355,0.9067617654800416,0.0,1.1528655290603638,50.0,88.9380874633789,0.0,0.0,29.315723419189453,0.0,50.0,50.0,292.63238525390625,1585.90087890625,76.7484130859375,0.0,74.8018798828125,Reactor Scram,297.85076904296875
0.0,1.0310276746749878,0.0,62.14595031738281,0.0,0.0,0.0,0.0,303.0578918457031,292.93731689453125,15.425138473510742,1.1363531351089478,0.0003738232771866,1.029805302619934,0.0,146645.96875,15.060869216918944,325.7940368652344,0.0,1.0302128791809082,7.924896240234375,32.85654830932617,5.154753125680145e-06,155.11524963378906,1755.7762451171875,0.0,0.0,15.04906940460205,1.034000039100647,2.168623685836792,292.3619384765625,88.83834075927734,0.0,50.0,1.657353162765503,0.0,108.29773712158205,0.0,0.0,1310.5,0.0,303.0569152832031,32.85671615600586,68.40129089355469,0.7652013897895813,1495.7576904296875,303.0578918457031,262.0616149902344,1426587.625,824.1770629882812,17028.265625,0.0439999997615814,0.0,2676.856201171875,1870.0,2.169968843460083,-1.3908789157867432,292.9375,0.0096608540043234,0.0,1,339.087890625,0.0,37.50283432006836,0.0,34016.15625,62.82059860229492,74.77223205566406,-6.149999618530273,121.85282135009766,0.0010999999940395,0.0,0.0,0.0,72.70635223388672,0.0,292.3617248535156,0.0,-5.118324279785156,0.0,0.0,0.0999999940395355,0.9067617654800416,0.0,1.1088191270828247,50.0,88.83834075927734,0.0,0.0,30.077939987182617,0.0,50.0,50.0,292.6673889160156,1585.653076171875,78.75059509277344,0.0,74.77388000488281,Reactor Scram,297.8619079589844
0.0,1.0310276746749878,0.0,62.30915069580078,0.0,0.0,0.0,0.0,303.03289794921875,292.972900390625,15.421940803527832,1.1641194820404053,0.0003838158154394,1.0301525592803955,0.0,149093.203125,15.04896068572998,325.9096069335937,0.0,1.0304442644119265,7.924896240234375,32.93663787841797,5.154753125680145e-06,156.47193908691406,1755.7786865234375,0.0,0.0,15.357884407043455,1.034000039100647,2.157790184020996,292.3843994140625,88.74507141113281,0.0,50.0,1.65560781955719,0.0,108.82713317871094,0.0,0.0,1310.5,0.0,303.0313720703125,32.93670654296875,68.26874542236328,0.7652407288551331,1496.4857177734375,303.03289794921875,262.17010498046875,1449942.625,846.8604125976562,17028.265625,0.0439999997615814,0.0,2676.435791015625,1880.0,2.159843921661377,-1.4140417575836182,292.97296142578125,0.0100753484293818,0.0,1,341.4041748046875,0.0,38.21474838256836,0.0,34027.625,62.52748107910156,74.7436752319336,-6.149999618530273,122.03194427490234,0.0010999999940395,0.0,0.0,0.0,72.67643737792969,0.0,292.38427734375,0.0,-5.143192768096924,0.0,0.0,0.0999999940395355,0.9067617654800416,0.0,1.067882418632507,50.0,88.74507141113281,0.0,0.0,30.69632148742676,0.0,50.0,50.0,292.6903076171875,1585.4052734375,80.20271301269531,0.0,74.74533081054688,Reactor Scram,297.8611755371094
0.0,1.0310276746749878,0.0,62.46296691894531,0.0,0.0,0.0,0.0,302.9982604980469,292.9959411621094,15.41859245300293,1.1854496002197266,0.0003918052534572,1.0304993391036987,0.0,151538.046875,15.036880493164062,326.0180358886719,0.0,1.0306755304336548,7.924896240234375,33.02208709716797,5.154753125680145e-06,157.84420776367188,1755.7811279296875,0.0,0.0,15.60109806060791,1.034000039100647,2.147197723388672,292.3970642089844,88.65755462646484,0.0,50.0,1.6546337604522705,0.0,109.35482788085938,0.0,0.0,1310.5,0.0,302.99627685546875,33.02208709716797,68.13186645507812,0.7652952671051025,1497.168701171875,302.9982604980469,262.2715148925781,1473294.625,864.9968872070312,17028.265625,0.0439999997615814,0.0,2676.04052734375,1890.0,2.149846315383911,-1.4371484518051147,292.9959411621094,0.0104446671903133,0.0,1,343.71484375,0.0,38.700191497802734,0.0,34039.08203125,62.23805236816406,74.71549224853516,-6.149999618530273,122.20003509521484,0.0010999999940395,0.0,0.0,0.0,72.64234161376953,0.0,292.39703369140625,0.0,-5.167219161987305,0.0,0.0,0.0999999940395355,0.9067617654800416,0.0,1.0296169519424438,50.0,88.65755462646484,0.0,0.0,31.18266868591309,0.0,50.0,50.0,292.7030944824219,1585.1597900390625,81.20186614990234,0.0,74.7171401977539,Reactor Scram,297.8504638671875
0.0,1.0310276746749878,0.0,62.60809326171875,0.0,0.0,0.0,0.0,302.9556579589844,293.0086669921875,15.415164947509766,1.201353669166565,0.0003980989276897,1.0308467149734497,0.0,153980.5,15.024703979492188,326.12017822265625,0.0,1.0309070348739624,7.924896240234375,33.11164093017578,5.154753125680145e-06,159.2318878173828,1755.7835693359375,0.0,0.0,15.786092758178713,1.034000039100647,2.136837244033813,292.4015808105469,88.57512664794922,0.0,50.0,1.6543004512786863,0.0,109.88187408447266,0.0,0.0,1310.5,0.0,302.953369140625,33.11150360107422,67.9918441772461,0.7653624415397644,1497.8115234375,302.9556579589844,262.3669128417969,1496644.25,879.2838134765625,17028.265625,0.0439999997615814,0.0,2675.667236328125,1900.0,2.139954805374145,-1.4602001905441284,293.008544921875,0.0107747493311762,0.0,1,346.02001953125,0.0,39.00772476196289,0.0,34050.5546875,61.951690673828125,74.68830108642578,-6.149999618530273,122.35838317871094,0.0010999999940395,0.0,0.0,0.0,72.60531616210938,0.0,292.4016418457031,0.0,-5.190536975860596,0.0,0.0,0.0999999940395355,0.9067617654800416,0.0,0.9936160445213318,50.0,88.57512664794922,0.0,0.0,31.55343437194824,0.0,50.0,50.0,292.7074584960937,1584.9141845703125,81.81258392333984,0.0,74.68993377685547,Reactor Scram,297.8315734863281
0.0,1.0336321592330933,0.0,62.745513916015625,0.0,0.0,0.0,0.0,302.90673828125,293.0122375488281,15.41171932220459,1.2127628326416016,0.000402982084779,1.0315417051315308,0.0,156420.5625,15.012489318847656,326.21697998046875,0.0,1.0322386026382446,7.924896240234375,33.20451736450195,5.154753125680145e-06,160.63490295410156,1755.7860107421875,0.0,0.0,15.920981407165527,1.034000039100647,2.126699209213257,292.39990234375,88.49698638916016,0.0,50.0,1.654491662979126,0.0,110.49237060546876,0.0,0.0,1310.5,0.0,302.9041748046875,33.20475387573242,67.84976196289062,0.7654393911361694,1498.4208984375,302.90673828125,262.4573059082031,1519991.0,890.3687133789062,17071.28125,0.0439999997615814,0.0,2675.3125,1910.0,2.130197763442993,-1.4831982851028442,293.012451171875,0.0110714165493845,0.0,1,348.31982421875,0.0,39.15536880493164,0.0,34073.51171875,61.66922378540039,74.66254425048828,-6.149999618530273,122.50855255126952,0.0010999999940395,0.0,0.0,0.0,72.56646728515625,0.0,292.3996276855469,0.0,-5.213266849517822,0.0,0.0,0.0999999940395355,0.9067617654800416,0.0,0.9595038294792176,50.0,88.49698638916016,0.0,0.0,31.82121086120605,0.0,50.0,50.0,292.7049560546875,1584.6685791015625,82.1195297241211,0.0,74.6641616821289,Reactor Scram,297.8059997558594
0.0,1.0336321592330933,0.0,62.87614440917969,0.0,0.0,0.0,0.0,302.8529663085937,293.009033203125,15.40830421447754,1.2204738855361938,0.0004066996043547,1.0318894386291504,0.0,158858.25,15.000286102294922,326.3093566894531,0.0,1.0324703454971311,7.924896240234375,33.29993438720703,5.154753125680145e-06,162.0531463623047,1755.7884521484375,0.0,0.0,16.010639190673828,1.034000039100647,2.1167759895324707,292.392822265625,88.42243194580078,0.0,50.0,1.655096173286438,0.0,111.01538848876952,0.0,0.0,1310.5,0.0,302.85015869140625,33.30030822753906,67.70654296875,0.76552414894104,1499.0020751953125,302.8529663085937,262.5435485839844,1543334.875,898.8076782226562,17071.28125,0.0439999997615814,0.0,2674.9736328125,1920.0,2.120575428009033,-1.5061429738998413,293.0093994140625,0.0113397967070341,0.0,1,350.6142883300781,0.0,39.18299865722656,0.0,34084.99609375,61.39065933227539,74.63851928710938,-6.149999618530273,122.65188598632812,0.0010999999940395,0.0,0.0,0.0,72.526611328125,0.0,292.3924255371094,0.0,-5.235522270202637,0.0,0.0,0.0999999940395355,0.9067617654800416,0.0,0.9269673228263856,50.0,88.42243194580078,0.0,0.0,32.000877380371094,0.0,50.0,50.0,292.697021484375,1584.423095703125,82.1699447631836,0.0,74.64012145996094,Reactor Scram,297.7752380371094
0.0,1.0336321592330933,0.0,63.00093460083008,0.0,0.0,0.0,0.0,302.79522705078125,293.0001525878906,15.404956817626951,1.2251255512237549,0.0004094482865184,1.0322372913360596,0.0,161293.5,14.98812770843506,326.39813232421875,0.0,1.0327023267745972,7.924896240234375,33.39765930175781,5.154753125680145e-06,163.4864044189453,1755.7908935546875,0.0,0.0,16.061058044433594,1.034000039100647,2.1070590019226074,292.3811950683594,88.35079193115234,0.0,50.0,1.656046748161316,0.0,111.53636169433594,0.0,0.0,1310.5,0.0,302.792236328125,33.39796447753906,67.56277465820312,0.7656151056289673,1499.5604248046875,302.79522705078125,262.6263427734375,1566676.25,905.0472412109376,17071.28125,0.0439999997615814,0.0,2674.647216796875,1930.0,2.1110806465148926,-1.5290350914001465,293.0004577636719,0.0115840351209044,0.0,1,352.90350341796875,0.0,39.10841751098633,0.0,34096.48828125,61.11578369140625,74.61637115478516,-6.149999618530273,122.78965759277344,0.0010999999940395,0.0,0.0,0.0,72.4864730834961,0.0,292.380859375,0.0,-5.257372856140137,0.0,0.0,0.0999999940395355,0.9067617654800416,0.0,0.895714282989502,50.0,88.35079193115234,0.0,0.0,32.102500915527344,0.0,50.0,50.0,292.6845397949219,1584.177490234375,82.015625,0.0,74.61796569824219,Reactor Scram,297.7402038574219
0.0,1.0336321592330933,0.0,63.12066268920898,0.0,0.0,0.0,0.0,302.7346496582031,292.9867858886719,15.40170669555664,1.2273489236831665,0.0004114245530217,1.032585382461548,0.0,163726.390625,14.976046562194824,326.48394775390625,0.0,1.0329344272613523,7.924896240234375,33.49697494506836,5.154753125680145e-06,164.93467712402344,1755.7933349609375,0.0,0.0,16.078777313232422,1.034000039100647,2.097541093826294,292.3663024902344,88.28152465820312,0.0,50.0,1.657252550125122,0.0,112.0551986694336,0.0,0.0,1310.5,0.0,302.7315673828125,33.49714660644531,67.41901397705078,0.7657104730606079,1500.10009765625,302.7346496582031,262.7063903808594,1590014.875,909.5333251953124,17071.28125,0.0439999997615814,0.0,2674.330810546875,1940.0,2.101713180541992,-1.5518757104873655,292.9869689941406,0.0118085881695151,0.0,1,355.18756103515625,0.0,38.9486198425293,0.0,34107.98828125,60.84459686279297,74.59620666503906,-6.149999618530273,122.92290496826172,0.0010999999940395,0.0,0.0,0.0,72.44666290283203,0.0,292.3660583496094,0.0,-5.278912544250488,0.0,0.0,0.0999999940395355,0.9067617654800416,0.0,0.8655152320861816,50.0,88.28152465820312,0.0,0.0,32.138729095458984,0.0,50.0,50.0,292.668701171875,1583.9320068359375,81.70689392089844,0.0,74.59778594970703,Reactor Scram,297.7020874023437
0.0,1.0336321592330933,0.0,63.23604583740234,0.0,0.0,0.0,0.0,302.67218017578125,292.9698486328125,15.398573875427246,1.2276391983032229,0.0004127829161006,1.0329335927963257,0.0,166156.921875,14.964064598083496,326.5673828125,0.0,1.033166527748108,7.924896240234375,33.59748077392578,5.154753125680145e-06,166.3979034423828,1755.7957763671875,0.0,0.0,16.069284439086914,1.034000039100647,2.088214874267578,292.3489685058594,88.21416473388672,0.0,50.0,1.658653736114502,0.0,112.5710220336914,0.0,0.0,1310.5,0.0,302.6690368652344,33.59754943847656,67.27587127685547,0.7658088207244873,1500.624755859375,302.67218017578125,262.7841796875,1613350.875,912.6168823242188,17071.28125,0.0439999997615814,0.0,2674.022705078125,1950.0,2.092487335205078,-1.57466459274292,292.96990966796875,0.0120170032605528,0.0,1,357.4664611816406,0.0,38.73746490478516,0.0,34119.48828125,60.57750701904297,74.57803344726562,-6.149999618530273,123.05250549316406,0.0010999999940395,0.0,0.0,0.0,72.40750885009766,0.0,292.3489074707031,0.0,-5.300201892852783,0.0,0.0,0.0999999940395355,0.9067617654800416,0.0,0.8361614346504211,50.0,88.21416473388672,0.0,0.0,32.120113372802734,0.0,50.0,50.0,292.6502990722656,1583.6864013671875,81.26244354248047,0.0,74.57959747314453,Reactor Scram,297.6617431640625
0.0,1.0336321592330933,0.0,63.34775161743164,0.0,0.0,0.0,0.0,302.60858154296875,292.9502868652344,15.395572662353516,1.2264329195022583,0.0004136603965889,1.0332818031311035,0.0,168585.046875,14.952195167541504,326.64898681640625,0.0,1.0333986282348633,7.924896240234375,33.69869613647461,5.154753125680145e-06,167.87596130371094,1755.7982177734375,0.0,0.0,16.03679656982422,1.034000039100647,2.079074144363404,292.3299560546875,88.14830017089844,0.0,50.0,1.6601909399032593,0.0,113.08332824707033,0.0,0.0,1310.5,0.0,302.6054077148437,33.69869613647461,67.1334457397461,0.7659090757369995,1501.1375732421875,302.60858154296875,262.8601989746094,1636684.25,914.6089477539062,17071.28125,0.0439999997615814,0.0,2673.720703125,1960.0,2.0834100246429443,-1.5974029302597046,292.9502868652344,0.0122125567868351,0.0,1,359.74029541015625,0.0,38.47383880615234,0.0,34130.9921875,60.314720153808594,74.56182861328125,-6.149999618530273,123.17927551269533,0.0010999999940395,0.0,0.0,0.0,72.36946868896484,0.0,292.3299865722656,0.0,-5.321302890777588,0.0,0.0,0.0999999940395355,0.9067617654800416,0.0,0.8074753880500793,50.0,88.14830017089844,0.0,0.0,32.05592727661133,0.0,50.0,50.0,292.63006591796875,1583.4407958984375,80.72904968261719,0.0,74.56336975097656,Reactor Scram,297.6198425292969
0.0,1.0336321592330933,0.0,63.45631408691406,0.0,0.0,0.0,0.0,302.5443115234375,292.92877197265625,15.392714500427246,1.2241142988204956,0.0004141788231208,1.033630132675171,0.0,171010.828125,14.940449714660645,326.7256774902344,0.0,1.0336308479309082,7.924896240234375,33.7969970703125,5.154753125680145e-06,169.368896484375,1755.8006591796875,0.0,0.0,15.986166954040527,1.034000039100647,2.0701117515563965,292.30987548828125,88.08362579345703,0.0,50.0,1.66181743144989,0.0,113.59349822998048,0.0,0.0,1310.5,0.0,302.5411071777344,33.796897888183594,66.99217224121094,0.7660102844238281,1501.641357421875,302.5443115234375,262.9347839355469,1660014.625,915.78564453125,17071.28125,0.0439999997615814,0.0,2673.424072265625,1970.0,2.074453353881836,-1.6200908422470093,292.9286804199219,0.0123982820659875,0.0,1,362.0090942382813,0.0,38.17639923095703,0.0,34142.49609375,60.055423736572266,74.54750061035156,-6.149999618530273,123.30377960205078,0.0010999999940395,0.0,0.0,0.0,72.33271789550781,0.0,292.3099060058594,0.0,-5.3422627449035645,0.0,0.0,0.0999999940395355,0.9067617654800416,0.0,0.7793216705322266,50.0,88.08362579345703,0.0,0.0,31.95503234863281,0.0,50.0,50.0,292.6086730957031,1583.1953125,80.12767028808594,0.0,74.54902648925781,Reactor Scram,297.5770568847656
0.0,1.0362430810928345,0.0,63.56222152709961,0.0,0.0,0.0,0.0,302.4800720214844,292.9057006835937,15.39000415802002,1.221009373664856,0.0004144420381635,1.0339783430099487,0.0,173434.171875,14.928833961486816,326.80035400390625,0.0,1.0347332954406738,7.924896240234375,33.89448547363281,5.154753125680145e-06,170.87655639648438,1755.8031005859375,0.0,0.0,15.921709060668944,1.034000039100647,2.061321973800659,292.2894592285156,88.01985931396484,0.0,50.0,1.6635024547576904,0.0,114.1695785522461,0.0,0.0,1310.5,0.0,302.4768371582031,33.8946533203125,66.85223388671875,0.7661114931106567,1502.1375732421875,302.4800720214844,263.00836181640625,1683342.75,916.3831176757812,17114.404296875,0.0439999997615814,0.0,2673.130615234375,1980.0,2.065659284591675,-1.6427289247512815,292.9058532714844,0.012576887384057,0.0,1,364.27288818359375,0.0,37.85619735717773,0.0,34154.0,59.80083465576172,74.53497314453125,-6.149999618530273,123.4265594482422,0.0010999999940395,0.0,0.0,0.0,72.29743194580078,0.0,292.28924560546875,0.0,-5.363114833831787,0.0,0.0,0.0999999940395355,0.9067617654800416,0.0,0.7515643835067749,50.0,88.01985931396484,0.0,0.0,31.82375907897949,0.0,50.0,50.0,292.5865173339844,1582.94970703125,79.48043060302734,0.0,74.5364761352539,Reactor Scram,297.5338439941406
0.0,1.0362430810928345,0.0,63.66607666015625,0.0,0.0,0.0,0.0,302.416259765625,292.8819580078125,15.387443542480469,1.2173781394958496,0.0004145333950873,1.0343269109725952,0.0,175855.21875,14.917349815368652,326.87432861328125,0.0,1.034965753555298,7.924896240234375,33.9921760559082,5.154753125680145e-06,172.3990020751953,1755.8055419921875,0.0,0.0,15.84470272064209,1.034000039100647,2.052699089050293,292.2686462402344,87.9566421508789,0.0,50.0,1.6652015447616575,0.0,114.67203521728516,0.0,0.0,1310.5,0.0,302.4130554199219,33.99237823486328,66.7136459350586,0.766211986541748,1502.629638671875,302.416259765625,263.0810852050781,1706667.75,916.5904541015624,17114.404296875,0.0439999997615814,0.0,2672.83935546875,1990.0,2.0570068359375,-1.665316820144653,292.88214111328125,0.0127506032586097,0.0,1,366.53167724609375,0.0,37.51645278930664,0.0,34165.51171875,59.55034637451172,74.52410888671875,-6.149999618530273,123.5483169555664,0.0010999999940395,0.0,0.0,0.0,72.26378631591797,0.0,292.26824951171875,0.0,-5.3839030265808105,0.0,0.0,0.0999999940395355,0.9067617654800416,0.0,0.7241201400756836,50.0,87.9566421508789,0.0,0.0,31.67053985595703,0.0,50.0,50.0,292.5641174316406,1582.7041015625,78.8102035522461,0.0,74.5256118774414,Reactor Scram,297.4907531738281
0.0,1.0362430810928345,0.0,63.768333435058594,0.0,0.0,0.0,0.0,302.3530578613281,292.8581237792969,15.385035514831545,1.2134305238723757,0.0004145208804402,1.034675359725952,0.0,178273.921875,14.906001091003418,326.9480285644531,0.0,1.0351979732513428,7.924896240234375,34.08962631225586,5.154753125680145e-06,173.93617248535156,1755.8079833984375,0.0,0.0,15.759047508239746,1.034000039100647,2.0442371368408203,292.2477722167969,87.89373016357422,0.0,50.0,1.6668996810913086,0.0,115.17157745361328,0.0,0.0,1310.5,0.0,302.34991455078125,34.08989715576172,66.57657623291016,0.7663114666938782,1503.118896484375,302.3530578613281,263.1531982421875,1729990.25,916.5620727539062,17114.404296875,0.0439999997615814,0.0,2672.548828125,2000.0,2.0484819412231445,-1.687855243682861,292.8583984375,0.0129213165491819,0.0,1,368.7855224609375,0.0,37.1805534362793,0.0,34177.01953125,59.30355072021485,74.51480102539062,-6.149999618530273,123.66950988769533,0.0010999999940395,0.0,0.0,0.0,72.23185729980469,0.0,292.2474975585937,0.0,-5.404644012451172,0.0,0.0,0.0999999940395355,0.9067617654800416,0.0,0.6969054937362671,50.0,87.89373016357422,0.0,0.0,31.49959754943848,0.0,50.0,50.0,292.541748046875,1582.4605712890625,78.11436462402344,0.0,74.51627349853516,Reactor Scram,297.4479675292969
0.0,1.0362430810928345,0.0,63.86930847167969,0.0,0.0,0.0,0.0,302.2906494140625,292.8341064453125,15.38277816772461,1.2093435525894165,0.0004144621780142,1.0350240468978882,0.0,180690.21875,14.894783973693848,327.021484375,0.0,1.0354304313659668,7.924896240234375,34.18718338012695,5.154753125680145e-06,175.48809814453125,1755.8104248046875,0.0,0.0,15.665796279907228,1.034000039100647,2.035930871963501,292.22711181640625,87.83096313476562,0.0,50.0,1.6685891151428225,0.0,115.66650390625,0.0,0.0,1310.5,0.0,302.2875671386719,34.18738555908203,66.44103240966797,0.7664097547531128,1503.6072998046875,302.2906494140625,263.2248840332031,1753310.125,916.428955078125,17114.404296875,0.0439999997615814,0.0,2672.2587890625,2010.0,2.040112972259521,-1.7103441953659058,292.8343200683594,0.0130907008424401,0.0,1,371.034423828125,0.0,36.837738037109375,0.0,34188.5390625,59.06127166748047,74.50688171386719,-6.149999618530273,123.79042053222656,0.0010999999940395,0.0,0.0,0.0,72.20167541503906,0.0,292.2268981933594,0.0,-5.425344944000244,0.0,0.0,0.0999999940395355,0.9067617654800416,0.0,0.6698578596115112,50.0,87.83096313476562,0.0,0.0,31.31346321105957,0.0,50.0,50.0,292.5194702148437,1582.21728515625,77.42082977294922,0.0,74.50834655761719,Reactor Scram,297.4056091308594
0.0,1.0362430810928345,0.0,63.96928405761719,0.0,0.0,0.0,0.0,302.2295227050781,292.8103942871094,15.380664825439451,1.2052496671676636,0.0004144009144511,1.035372972488403,0.0,183104.140625,14.883692741394045,327.0949401855469,0.0,1.0356630086898804,7.924896240234375,34.28436279296875,5.154753125680145e-06,177.05474853515625,1755.8128662109375,0.0,0.0,15.568957328796388,1.034000039100647,2.027775764465332,292.20684814453125,87.76823425292969,0.0,50.0,1.6702338457107544,0.0,116.15789031982422,0.0,0.0,1310.5,0.0,302.2265014648437,34.2845344543457,66.30693817138672,0.766506016254425,1504.0950927734375,302.2295227050781,263.2962341308594,1776627.375,916.2898559570312,17114.404296875,0.0439999997615814,0.0,2671.96826171875,2020.0,2.0318782329559326,-1.732784390449524,292.8105773925781,0.0132600804790854,0.0,1,373.2784423828125,0.0,36.49771881103516,0.0,34200.0625,58.8228759765625,74.500244140625,-6.149999618530273,123.9112777709961,0.0010999999940395,0.0,0.0,0.0,72.17325592041016,0.0,292.2067565917969,0.0,-5.446044445037842,0.0,0.0,0.0999999940395355,0.9067617654800416,0.0,0.6429353952407837,50.0,87.76823425292969,0.0,0.0,31.120574951171875,0.0,50.0,50.0,292.4977722167969,1581.973876953125,76.73253631591797,0.0,74.5016860961914,Reactor Scram,297.3641662597656
0.0,1.0362430810928345,0.0,64.06841278076172,0.0,0.0,0.0,0.0,302.1695251464844,292.7872314453125,15.37869358062744,1.2012815475463867,0.0004143814439885,1.0357218980789185,0.0,185515.75,14.87272834777832,327.1683959960937,0.0,1.0358957052230835,7.924896240234375,34.38106918334961,5.154753125680145e-06,178.63616943359375,1755.8153076171875,0.0,0.0,15.468744277954102,1.034000039100647,2.0197668075561523,292.1871643066406,87.70548248291016,0.0,50.0,1.6718363761901855,0.0,116.64556121826172,0.0,0.0,1310.5,0.0,302.1665954589844,34.38113784790039,66.17445373535156,0.7666005492210388,1504.5830078125,302.1695251464844,263.3673400878906,1799942.0,916.2455444335938,17114.404296875,0.0439999997615814,0.0,2671.677001953125,2030.0,2.023778200149536,-1.75517475605011,292.7873229980469,0.0134308682754635,0.0,1,375.5174865722656,0.0,36.159061431884766,0.0,34211.58984375,58.58837890625,74.4947280883789,-6.149999618530273,124.0321807861328,0.0010999999940395,0.0,0.0,0.0,72.14652252197266,0.0,292.1871643066406,0.0,-5.466737270355225,0.0,0.0,0.0999999940395355,0.9067617654800416,0.0,0.6160964369773865,50.0,87.70548248291016,0.0,0.0,30.92050552368164,0.0,50.0,50.0,292.47662353515625,1581.7305908203125,76.06324005126953,0.0,74.49616241455078,Reactor Scram,297.3236083984375
0.0,1.0362430810928345,0.0,64.16690826416016,0.0,0.0,0.0,0.0,302.11090087890625,292.7646179199219,15.376856803894045,1.1974986791610718,0.0004144235572312,1.0360709428787231,0.0,187925.015625,14.861882209777832,327.24200439453125,0.0,1.0361284017562866,7.924896240234375,34.4774055480957,5.154753125680145e-06,180.2322998046875,1755.8177490234375,0.0,0.0,15.367053031921388,1.034000039100647,2.011898994445801,292.1681823730469,87.64262390136719,0.0,50.0,1.6733866930007937,0.0,117.12897491455078,0.0,0.0,1310.5,0.0,302.1080322265625,34.47737121582031,66.04346466064453,0.7666928768157959,1505.0716552734375,302.11090087890625,263.43817138671875,1823253.5,916.3413696289062,17114.404296875,0.0439999997615814,0.0,2671.384765625,2040.0,2.015819787979126,-1.7775161266326904,292.7645874023437,0.0136037478223443,0.0,1,377.7516174316406,0.0,35.834556579589844,0.0,34223.12109375,58.35798263549805,74.49022674560547,-6.149999618530273,124.1532974243164,0.0010999999940395,0.0,0.0,0.0,72.1214828491211,0.0,292.16827392578125,0.0,-5.487436294555664,0.0,0.0,0.0999999940395355,0.9067617654800416,0.0,0.5893722176551819,50.0,87.64262390136719,0.0,0.0,30.71789932250977,0.0,50.0,50.0,292.45611572265625,1581.4871826171875,75.40538787841797,0.0,74.49164581298828,Reactor Scram,297.28399658203125
0.0,1.0362430810928345,0.0,64.26483154296875,0.0,0.0,0.0,0.0,302.0536499023437,292.74267578125,15.375151634216309,1.1939802169799805,0.0004145548446103,1.0364199876785278,0.0,190331.890625,14.851151466369627,327.3157043457031,0.0,1.0363610982894895,7.924896240234375,34.57319641113281,5.154753125680145e-06,181.8432159423828,1755.8201904296875,0.0,0.0,15.264730453491213,1.034000039100647,2.0041682720184326,292.1499328613281,87.57964324951172,0.0,50.0,1.6748822927474976,0.0,117.6083984375,0.0,0.0,1310.5,0.0,302.0508117675781,34.57302474975586,65.91387939453125,0.7667831182479858,1505.5611572265625,302.0536499023437,263.5086364746094,1846562.875,916.63916015625,17114.404296875,0.0439999997615814,0.0,2671.09130859375,2050.0,2.007995843887329,-1.7998087406158447,292.7425231933594,0.0137796839699149,0.0,1,379.9808654785156,0.0,35.521026611328125,0.0,34234.6484375,58.1314811706543,74.48661041259766,-6.149999618530273,124.274658203125,0.0010999999940395,0.0,0.0,0.0,72.0981216430664,0.0,292.150146484375,0.0,-5.508142948150635,0.0,0.0,0.0999999940395355,0.9067617654800416,0.0,0.5627732872962952,50.0,87.57964324951172,0.0,0.0,30.513601303100582,0.0,50.0,50.0,292.4363708496094,1581.243896484375,74.76919555664062,0.0,74.48800659179688,Reactor Scram,297.2454833984375
0.0,1.038860321044922,0.0,64.36235809326172,0.0,0.0,0.0,0.0,301.997802734375,292.7208557128906,15.373571395874023,1.1907916069030762,0.000414797803387,1.0367693901062012,0.0,192736.4375,14.84052848815918,327.3896484375,0.0,1.0374664068222046,7.924896240234375,34.66837692260742,5.154753125680145e-06,183.4689483642578,1755.8226318359375,0.0,0.0,15.16433334350586,1.034000039100647,1.9965704679489136,292.13299560546875,87.51649475097656,0.0,50.0,1.676313042640686,0.0,118.15769958496094,0.0,0.0,1310.5,0.0,301.9950561523437,34.668785095214844,65.78575897216797,0.7668710947036743,1506.0517578125,301.997802734375,263.5790405273437,1869869.5,917.1907958984376,17157.62890625,0.0439999997615814,0.0,2670.796875,2060.0,2.000299453735352,-1.8220531940460205,292.72125244140625,0.0139595353975892,0.0,1,382.205322265625,0.0,35.21475601196289,0.0,34246.1875,57.908668518066406,74.4837646484375,-6.149999618530273,124.39632415771484,0.0010999999940395,0.0,0.0,0.0,72.07633972167969,0.0,292.1327819824219,0.0,-5.528868675231934,0.0,0.0,0.0999999940395355,0.9067617654800416,0.0,0.5362160205841064,50.0,87.51649475097656,0.0,0.0,30.31056785583496,0.0,50.0,50.0,292.4174499511719,1581.00048828125,74.1638412475586,0.0,74.48515319824219,Reactor Scram,297.20806884765625
0.0,1.038860321044922,0.0,64.45958709716797,0.0,0.0,0.0,0.0,301.9433898925781,292.70037841796875,15.372108459472656,1.187912940979004,0.0004151466418989,1.0371190309524536,0.0,195138.671875,14.830008506774902,327.4637756347656,0.0,1.0376994609832764,7.924896240234375,34.76301574707031,5.154753125680145e-06,185.10940551757807,1755.8250732421875,0.0,0.0,15.06411075592041,1.034000039100647,1.989101529121399,292.11651611328125,87.45318603515625,0.0,50.0,1.67768132686615,0.0,118.62994384765624,0.0,0.0,1310.5,0.0,301.94073486328125,34.763389587402344,65.65897369384766,0.7669567465782166,1506.543701171875,301.9433898925781,263.6492919921875,1893173.375,917.9825439453124,17157.62890625,0.0439999997615814,0.0,2670.500732421875,2070.0,1.9927303791046145,-1.844249367713928,292.70074462890625,0.0141432071104645,0.0,1,384.4249267578125,0.0,34.93163299560547,0.0,34257.73828125,57.689544677734375,74.48157501220703,-6.149999618530273,124.51831817626952,0.0010999999940395,0.0,0.0,0.0,72.05606079101562,0.0,292.1160888671875,0.0,-5.5496110916137695,0.0,0.0,0.0999999940395355,0.9067617654800416,0.0,0.5097005367279053,50.0,87.45318603515625,0.0,0.0,30.11090087890625,0.0,50.0,50.0,292.3993225097656,1580.7572021484375,73.57109832763672,0.0,74.48294830322266,Reactor Scram,297.1718139648437
0.0,1.038860321044922,0.0,64.55657958984375,0.0,0.0,0.0,0.0,301.89044189453125,292.6808166503906,15.37075901031494,1.1854009628295898,0.0004156213544774,1.037468194961548,0.0,197538.53125,14.81958293914795,327.5380859375,0.0,1.037932276725769,7.924896240234375,34.85700988769531,5.154753125680145e-06,186.7647399902344,1755.8275146484375,0.0,0.0,14.965155601501465,1.034000039100647,1.9817575216293333,292.1005554199219,87.38970184326172,0.0,50.0,1.678992748260498,0.0,119.09732055664062,0.0,0.0,1310.5,0.0,301.8878173828125,34.85728073120117,65.533447265625,0.7670401334762573,1507.0367431640625,301.89044189453125,263.7195129394531,1916474.5,919.0601806640624,17157.62890625,0.0439999997615814,0.0,2670.20361328125,2080.0,1.9853029251098635,-1.8663965463638303,292.6810913085937,0.01433149818331,0.0,1,386.6396484375,0.0,34.64530563354492,0.0,34269.2734375,57.474517822265625,74.4799575805664,-6.149999618530273,124.64064025878906,0.0010999999940395,0.0,0.0,0.0,72.03724670410156,0.0,292.1002197265625,0.0,-5.5703630447387695,0.0,0.0,0.0999999940395355,0.9067617654800416,0.0,0.4832059144973755,50.0,87.38970184326172,0.0,0.0,29.913339614868164,0.0,50.0,50.0,292.3819580078125,1580.5137939453125,73.0218734741211,0.0,74.4813232421875,Reactor Scram,297.1366577148437
0.0,1.038860321044922,0.0,64.65339660644531,0.0,0.0,0.0,0.0,301.8388061523437,292.6620483398437,15.369514465332031,1.183248519897461,0.0004162205441389,1.0378180742263794,0.0,199936.078125,14.809250831604004,327.61260986328125,0.0,1.03816556930542,7.924896240234375,34.95039367675781,5.154753125680145e-06,188.43484497070312,1755.8299560546875,0.0,0.0,14.868309020996094,1.034000039100647,1.9745348691940308,292.0853881835937,87.32605743408203,0.0,50.0,1.6802445650100708,0.0,119.56146240234376,0.0,0.0,1310.5,0.0,301.83624267578125,34.9505615234375,65.4090347290039,0.767121434211731,1507.5308837890625,301.8388061523437,263.7895812988281,1939773.25,920.4205322265624,17157.62890625,0.0439999997615814,0.0,2669.9052734375,2090.0,1.977988839149475,-1.8884952068328853,292.6622314453125,0.0145245054736733,0.0,1,388.8495178222656,0.0,34.38323974609375,0.0,34280.83203125,57.26277542114258,74.47882080078125,-6.149999618530273,124.76327514648438,0.0010999999940395,0.0,0.0,0.0,72.01986694335938,0.0,292.08514404296875,0.0,-5.591128826141357,0.0,0.0,0.0999999940395355,0.9067617654800416,0.0,0.4567634761333465,50.0,87.32605743408203,0.0,0.0,29.72041893005371,0.0,50.0,50.0,292.3653869628906,1580.2705078125,72.48751068115234,0.0,74.48017120361328,Reactor Scram,297.1025085449219
0.0,1.038860321044922,0.0,64.74996185302734,0.0,0.0,0.0,0.0,301.7884826660156,292.6440734863281,15.368371963500977,1.181485295295715,0.000416955736,1.038167953491211,0.0,202331.3125,14.799001693725586,327.687255859375,0.0,1.0383987426757812,7.924896240234375,35.04302978515625,5.154753125680145e-06,190.11984252929688,1755.8323974609375,0.0,0.0,14.773784637451172,1.034000039100647,1.9674301147460933,292.0708923339844,87.2623062133789,0.0,50.0,1.681439757347107,0.0,120.02175903320312,0.0,0.0,1310.5,0.0,301.7860107421875,35.04316711425781,65.28608703613281,0.7672007083892822,1508.02587890625,301.7884826660156,263.85955810546875,1963069.0,922.08935546875,17157.62890625,0.0439999997615814,0.0,2669.60546875,2100.0,1.970795035362244,-1.910546064376831,292.64422607421875,0.0147227402776479,0.0,1,391.0545959472656,0.0,34.140647888183594,0.0,34292.38671875,57.05451583862305,74.4781494140625,-6.149999618530273,124.88609313964844,0.0010999999940395,0.0,0.0,0.0,72.00365447998047,0.0,292.07080078125,0.0,-5.611905097961426,0.0,0.0,0.0999999940395355,0.9067617654800416,0.0,0.4303523302078247,50.0,87.2623062133789,0.0,0.0,29.531709671020508,0.0,50.0,50.0,292.3495483398437,1580.027099609375,71.9748764038086,0.0,74.47944641113281,Reactor Scram,297.06939697265625
0.0,1.038860321044922,0.0,64.84612274169922,0.0,0.0,0.0,0.0,301.7394104003906,292.6268615722656,15.367323875427246,1.1800616979599,0.0004178105155006,1.038517713546753,0.0,204724.203125,14.788833618164062,327.7617492675781,0.0,1.0386319160461426,7.924896240234375,35.134788513183594,5.154753125680145e-06,191.8197326660156,1755.8348388671875,0.0,0.0,14.681790351867676,1.034000039100647,1.960439682006836,292.0571594238281,87.19788360595703,0.0,50.0,1.6825804710388184,0.0,120.478515625,0.0,0.0,1310.5,0.0,301.73699951171875,35.1348876953125,65.1636962890625,0.7672779560089111,1508.5198974609375,301.7394104003906,263.92938232421875,1986362.125,924.0298461914062,17157.62890625,0.0439999997615814,0.0,2669.305908203125,2110.0,1.9637144804000848,-1.932548880577088,292.626953125,0.0149257695302367,0.0,1,393.2548828125,0.0,33.88779830932617,0.0,34303.94140625,56.84953308105469,74.47771453857422,-6.149999618530273,125.00872039794922,0.0010999999940395,0.0,0.0,0.0,71.98894500732422,0.0,292.0570983886719,0.0,-5.6326904296875,0.0,0.0,0.0999999940395355,0.9067617654800416,0.0,0.4040038287639618,50.0,87.19788360595703,0.0,0.0,29.34806251525879,0.0,50.0,50.0,292.3344421386719,1579.7838134765625,71.5085678100586,0.0,74.47904205322266,Reactor Scram,297.03729248046875
0.0,1.038860321044922,0.0,64.94184112548828,0.0,0.0,0.0,0.0,301.69158935546875,292.61041259765625,15.366365432739258,1.1789157390594482,0.0004187645681668,1.0388678312301636,0.0,207114.78125,14.778741836547852,327.83612060546875,0.0,1.038865327835083,7.924896240234375,35.2256965637207,5.154753125680145e-06,193.53445434570312,1755.8372802734375,0.0,0.0,14.592963218688965,1.034000039100647,1.9535608291625977,292.0440673828125,87.0981674194336,0.0,50.0,1.6836670637130735,0.0,120.931640625,0.0,0.0,1310.5,0.0,301.68927001953125,35.2256965637207,65.04261016845703,0.767353355884552,1509.0128173828125,301.69158935546875,263.9990539550781,2009653.0,926.1954956054688,17157.62890625,0.0439999997615814,0.0,2669.00634765625,2120.0,1.95674729347229,-1.9544988870620728,292.61041259765625,0.015132981352508,0.0,1,395.4498901367188,0.0,33.6617546081543,0.0,34315.5078125,56.64783477783203,74.47756958007812,-6.149999618530273,125.13105010986328,0.0010999999940395,0.0,0.0,0.0,71.97525024414062,0.0,292.0440979003906,0.0,-5.653478145599365,0.0,0.0,0.0999999940395355,0.9067617654800416,0.0,0.3777178823947906,50.0,87.0981674194336,0.0,0.0,29.17074012756348,0.0,50.0,50.0,292.32000732421875,1579.541748046875,71.0455093383789,0.0,74.4788818359375,Reactor Scram,297.00616455078125
0.0,1.038860321044922,0.0,65.03701782226562,0.0,0.0,0.0,0.0,301.64508056640625,292.5947570800781,15.365493774414062,1.1781373023986816,0.0004198499082121,1.0388678312301636,0.0,209503.0,14.768721580505373,327.9101867675781,0.0,1.038865327835083,7.924896240234375,35.31558609008789,5.154753125680145e-06,195.2641143798828,1755.8397216796875,0.0,0.0,14.506876945495604,1.034000039100647,1.9467897415161133,292.0316772460937,86.99878692626953,0.0,50.0,1.684699773788452,0.0,121.36018371582033,0.0,0.0,1310.5,0.0,301.64276123046875,35.315452575683594,64.92243194580078,0.7674265503883362,1509.503662109375,301.64508056640625,264.06842041015625,2032940.75,928.6591796875,17157.62890625,0.0439999997615814,0.0,2668.707275390625,2130.0,1.949900507926941,-1.9763922691345213,292.5946044921875,0.0153456442058086,0.0,1,397.6392211914063,0.0,33.442710876464844,0.0,34315.5078125,56.44961929321289,74.4776611328125,-6.149999618530273,125.2529754638672,0.0010999999940395,0.0,0.0,0.0,71.96273040771484,0.0,292.0317687988281,0.0,-5.674265384674072,0.0,0.0,0.0999999940395355,0.9067617654800416,0.0,0.3515363335609436,50.0,86.99878692626953,0.0,0.0,28.99899101257324,0.0,50.0,50.0,292.30633544921875,1579.3006591796875,70.61300659179688,0.0,74.47896575927734,Reactor Scram,296.9760437011719
0.0,1.041484832763672,0.0,65.13165283203125,0.0,0.0,0.0,0.0,301.5997619628906,292.57928466796875,15.364703178405762,1.1776825189590454,0.000421052245656,1.0392179489135742,0.0,211888.9375,14.758769035339355,327.9840087890625,0.0,1.0399736166000366,7.924896240234375,35.40439224243164,5.154753125680145e-06,197.00868225097656,1755.8421630859375,0.0,0.0,14.425395011901855,1.034000039100647,1.9401239156723025,292.0202941894531,86.89978790283203,0.0,50.0,1.6856807470321655,0.0,121.88170623779295,0.0,0.0,1310.5,0.0,301.5975341796875,35.40473175048828,64.80316162109375,0.7674978971481323,1509.9927978515625,301.5997619628906,264.13751220703125,2056226.375,931.3885498046876,17200.974609375,0.0439999997615814,0.0,2668.408935546875,2140.0,1.943166971206665,-1.9982290267944336,292.5796203613281,0.0155633613467216,0.0,1,399.8229064941406,0.0,33.23476791381836,0.0,34327.0703125,56.25468444824219,74.47794342041016,-6.149999618530273,125.37442016601562,0.0010999999940395,0.0,0.0,0.0,71.95127868652344,0.0,292.0201110839844,0.0,-5.695050239562988,0.0,0.0,0.0999999940395355,0.9067617654800416,0.0,0.3254695236682892,50.0,86.89978790283203,0.0,0.0,28.83390045166016,0.0,50.0,50.0,292.2933044433594,1579.0594482421875,70.20252227783203,0.0,74.47924041748047,Reactor Scram,296.9468688964844
0.0,1.041484832763672,0.0,65.22573852539062,0.0,0.0,0.0,0.0,301.55548095703125,292.5649719238281,15.363990783691406,1.177546739578247,0.0004223709111101,1.039568305015564,0.0,214272.5625,14.748879432678224,328.0575256347656,0.0,1.0402071475982666,7.924896240234375,35.49221420288086,5.154753125680145e-06,198.7681579589844,1755.8446044921875,0.0,0.0,14.345632553100586,1.034000039100647,1.933560132980347,292.0093078613281,86.80119323730469,0.0,50.0,1.6866155862808228,0.0,122.32471466064452,0.0,0.0,1310.5,0.0,301.5533142089844,35.4925537109375,64.68475341796875,0.7675676345825195,1510.4798583984375,301.55548095703125,264.2062683105469,2079508.875,934.382080078125,17200.974609375,0.0439999997615814,0.0,2668.111083984375,2150.0,1.9365184307098389,-2.020009756088257,292.5653076171875,0.0157862361520528,0.0,1,402.0009765625,0.0,33.03761291503906,0.0,34338.64453125,56.06221008300781,74.4783706665039,-6.149999618530273,125.495361328125,0.0010999999940395,0.0,0.0,0.0,71.94085693359375,0.0,292.00897216796875,0.0,-5.715826034545898,0.0,0.0,0.0999999940395355,0.9067617654800416,0.0,0.2995175421237945,50.0,86.80119323730469,0.0,0.0,28.674713134765625,0.0,50.0,50.0,292.2808837890625,1578.818359375,69.81346893310547,0.0,74.47966003417969,Reactor Scram,296.9184875488281
0.0,1.041484832763672,0.0,65.31927490234375,0.0,0.0,0.0,0.0,301.51226806640625,292.55133056640625,15.363347053527832,1.1776776313781738,0.000423788500484,1.0399185419082642,0.0,216653.90625,14.739049911499023,328.1307067871094,0.0,1.0404406785964966,7.924896240234375,35.5790901184082,5.154753125680145e-06,200.5425567626953,1755.8470458984375,0.0,0.0,14.268402099609377,1.034000039100647,1.927096009254456,291.9985656738281,86.70305633544922,0.0,50.0,1.6875115633010864,0.0,122.76359558105467,0.0,0.0,1310.5,0.0,301.5101318359375,35.57936096191406,64.56719970703125,0.7676357626914978,1510.9642333984375,301.51226806640625,264.2746887207031,2102788.75,937.5999145507812,17200.974609375,0.0439999997615814,0.0,2667.814208984375,2160.0,1.929983139038086,-2.0417346954345703,292.5516052246094,0.0160137042403221,0.0,1,404.1734619140625,0.0,32.855194091796875,0.0,34350.21484375,55.87301254272461,74.47888946533203,-6.149999618530273,125.61576080322266,0.0010999999940395,0.0,0.0,0.0,71.93132019042969,0.0,291.998291015625,0.0,-5.736587047576904,0.0,0.0,0.0999999940395355,0.9067617654800416,0.0,0.2737011909484863,50.0,86.70305633544922,0.0,0.0,28.520586013793945,0.0,50.0,50.0,292.2689819335937,1578.5772705078125,69.43683624267578,0.0,74.48016357421875,Reactor Scram,296.8908996582031
0.0,1.041484832763672,0.0,65.41221618652344,0.0,0.0,0.0,0.0,301.47003173828125,292.53839111328125,15.36277961730957,1.178137183189392,0.0004253274819348,1.040269136428833,0.0,219032.90625,14.729273796081545,328.2035522460937,0.0,1.040674328804016,7.924896240234375,35.66497802734375,5.154753125680145e-06,202.3319396972656,1755.8494873046875,0.0,0.0,14.193283081054688,1.034000039100647,1.92072856426239,291.9884033203125,86.60540008544922,0.0,50.0,1.688374161720276,0.0,123.1977996826172,0.0,0.0,1310.5,0.0,301.4679260253906,35.6651496887207,64.45033264160156,0.7677022218704224,1511.446533203125,301.47003173828125,264.3427429199219,2126066.5,941.09375,17200.974609375,0.0439999997615814,0.0,2667.51806640625,2170.0,1.9235682487487795,-2.063403844833374,292.53857421875,0.0162467528134584,0.0,1,406.3403930664063,0.0,32.677955627441406,0.0,34361.79296875,55.68730163574219,74.47953033447266,-6.149999618530273,125.73553466796876,0.0010999999940395,0.0,0.0,0.0,71.92281341552734,0.0,291.9881286621094,0.0,-5.757327079772949,0.0,0.0,0.0999999940395355,0.9067617654800416,0.0,0.248020514845848,50.0,86.60540008544922,0.0,0.0,28.37067604064941,0.0,50.0,50.0,292.2575378417969,1578.3360595703125,69.0871353149414,0.0,74.48079681396484,Reactor Scram,296.8640441894531
0.0,1.041484832763672,0.0,65.50457000732422,0.0,0.0,0.0,0.0,301.4288330078125,292.5259094238281,15.362274169921877,1.1788413524627686,0.0004269593919161,1.0406198501586914,0.0,221409.640625,14.719554901123049,328.27593994140625,0.0,1.0409082174301147,7.924896240234375,35.74991989135742,5.154753125680145e-06,204.13624572753903,1755.8519287109375,0.0,0.0,14.121749877929688,1.034000039100647,1.9144556522369385,291.9786071777344,86.5082778930664,0.0,50.0,1.6891906261444092,0.0,123.62991333007812,0.0,0.0,1310.5,0.0,301.42681884765625,35.750022888183594,64.33415985107422,0.7677671313285828,1511.9259033203125,301.4288330078125,264.4103698730469,2149341.25,944.7980346679688,17200.974609375,0.0439999997615814,0.0,2667.223388671875,2180.0,1.917231202125549,-2.0850179195404053,292.5260009765625,0.0164843779057264,0.0,1,408.5018005371094,0.0,32.50323867797852,0.0,34373.375,55.50384140014648,74.4802017211914,-6.149999618530273,125.85468292236328,0.0010999999940395,0.0,0.0,0.0,71.91515350341797,0.0,291.9784545898437,0.0,-5.778059959411621,0.0,0.0,0.0999999940395355,0.9067617654800416,0.0,0.22249636054039,50.0,86.5082778930664,0.0,0.0,28.22835922241211,0.0,50.0,50.0,292.2466735839844,1578.094970703125,68.75933074951172,0.0,74.4814682006836,Reactor Scram,296.8380432128906
0.0,1.041484832763672,0.0,65.5963363647461,0.0,0.0,0.0,0.0,301.38836669921875,292.5137939453125,15.361834526062012,1.1797220706939695,0.0004286606854293,1.0409706830978394,0.0,223784.015625,14.709883689880373,328.34796142578125,0.0,1.0411421060562134,7.924896240234375,35.83414840698242,5.154753125680145e-06,205.9554748535156,1755.8543701171875,0.0,0.0,14.052327156066896,1.034000039100647,1.9082742929458616,291.9691162109375,86.41169738769531,0.0,50.0,1.6899813413619995,0.0,124.05941009521484,0.0,0.0,1310.5,0.0,301.3863525390625,35.83414840698242,64.21868133544922,0.7678308486938477,1512.402587890625,301.38836669921875,264.4776306152344,2172613.5,948.6600952148438,17200.974609375,0.0439999997615814,0.0,2666.929443359375,2190.0,1.910979151725769,-2.106577157974243,292.5137939453125,0.0167257338762283,0.0,1,410.65771484375,0.0,32.34590530395508,0.0,34384.96484375,55.322845458984375,74.48089599609375,-6.149999618530273,125.97314453125,0.0010999999940395,0.0,0.0,0.0,71.90829467773438,0.0,291.9690246582031,0.0,-5.798764705657959,0.0,0.0,0.0999999940395355,0.9067617654800416,0.0,0.1971182823181152,50.0,86.41169738769531,0.0,0.0,28.0898380279541,0.0,50.0,50.0,292.2361755371094,1577.8538818359375,68.432373046875,0.0,74.48213958740234,Reactor Scram,296.8125
0.0,1.041484832763672,0.0,65.6874771118164,0.0,0.0,0.0,0.0,301.3488464355469,292.5022888183594,15.36145305633545,1.1807681322097778,0.0004304278700146,1.0413213968276978,0.0,226156.125,14.7002592086792,328.41949462890625,0.0,1.0413758754730225,7.924896240234375,35.9172248840332,5.154753125680145e-06,207.78970336914065,1755.8568115234375,0.0,0.0,13.985013961791992,1.034000039100647,1.9021824598312376,291.9601135253906,86.31571960449219,0.0,50.0,1.6907463073730469,0.0,124.48341369628906,0.0,0.0,1310.5,0.0,301.3468933105469,35.9172248840332,64.1038589477539,0.7678930759429932,1512.8759765625,301.3488464355469,264.5444030761719,2195883.0,952.6715087890624,17200.974609375,0.0439999997615814,0.0,2666.636962890625,2200.0,1.9048545360565183,-2.128082036972046,292.5022888183594,0.0169707480818033,0.0,1,412.8081970214844,0.0,32.188690185546875,0.0,34396.55078125,55.145538330078125,74.48157501220703,-6.149999618530273,126.0908660888672,0.0010999999940395,0.0,0.0,0.0,71.90216064453125,0.0,291.9601135253906,0.0,-5.819442272186279,0.0,0.0,0.0999999940395355,0.9067617654800416,0.0,0.1719176173210144,50.0,86.31571960449219,0.0,0.0,27.95595359802246,0.0,50.0,50.0,292.2259826660156,1577.6136474609375,68.12229919433594,0.0,74.4828109741211,Reactor Scram,296.78765869140625
0.0,1.041484832763672,0.0,65.77798461914062,0.0,0.0,0.0,0.0,301.30987548828125,292.4909973144531,15.361132621765137,1.181986927986145,0.0004322639433667,1.0413213968276978,0.0,228525.953125,14.690682411193848,328.4906311035156,0.0,1.0413758754730225,7.924896240234375,35.99972152709961,5.154753125680145e-06,209.6388702392578,1755.8592529296875,0.0,0.0,13.920232772827148,1.034000039100647,1.896177768707276,291.9512634277344,86.22035217285156,0.0,50.0,1.69148051738739,0.0,124.88672637939452,0.0,0.0,1310.5,0.0,301.3079833984375,35.999656677246094,63.98961639404297,0.7679545283317566,1513.3468017578125,301.30987548828125,264.6107788085937,2219150.0,956.839599609375,17200.974609375,0.0439999997615814,0.0,2666.345947265625,2210.0,1.8987653255462649,-2.149532556533813,292.49090576171875,0.0172195974737405,0.0,1,414.9532470703125,0.0,32.037330627441406,0.0,34396.55078125,54.96925735473633,74.48226165771484,-6.149999618530273,126.20785522460938,0.0010999999940395,0.0,0.0,0.0,71.8968276977539,0.0,291.9513244628906,0.0,-5.840097427368164,0.0,0.0,0.0999999940395355,0.9067617654800416,0.0,0.1468734741210937,50.0,86.22035217285156,0.0,0.0,27.826391220092773,0.0,50.0,50.0,292.2162170410156,1577.374755859375,67.82376098632812,0.0,74.48348999023438,Reactor Scram,296.7633056640625
0.0,1.0441179275512695,0.0,65.86783599853516,0.0,0.0,0.0,0.0,301.2719116210937,292.47979736328125,15.360868453979492,1.1833871603012085,0.0004341726307757,1.0416724681854248,0.0,230893.5,14.681148529052734,328.5612487792969,0.0,1.042487621307373,7.924896240234375,36.08120346069336,5.154753125680145e-06,211.50303649902344,1755.8616943359375,0.0,0.0,13.858318328857422,1.034000039100647,1.8902583122253416,291.9432983398437,86.12562561035156,0.0,50.0,1.6921942234039309,0.0,125.38404846191406,0.0,0.0,1310.5,0.0,301.27001953125,36.08144378662109,63.8759880065918,0.7680143117904663,1513.8138427734375,301.2719116210937,264.6766357421875,2242414.5,961.1725463867188,17244.462890625,0.0439999997615814,0.0,2666.05615234375,2220.0,1.892817735671997,-2.170928716659546,292.48004150390625,0.0174724869430065,0.0,1,417.0928649902344,0.0,31.897676467895508,0.0,34408.1484375,54.79707336425781,74.48294830322266,-6.149999618530273,126.32404327392578,0.0010999999940395,0.0,0.0,0.0,71.8921890258789,0.0,291.94317626953125,0.0,-5.860719680786133,0.0,0.0,0.0999999940395355,0.9067617654800416,0.0,0.1220275983214378,50.0,86.12562561035156,0.0,0.0,27.700523376464844,0.0,50.0,50.0,292.20672607421875,1577.1358642578125,67.53138732910156,0.0,74.48416137695312,Reactor Scram,296.73956298828125
0.0,1.0441179275512695,0.0,65.95700073242188,0.0,0.0,0.0,0.0,301.234375,292.46881103515625,15.360660552978516,1.1849559545516968,0.0004361496830824,1.0420231819152832,0.0,233258.75,14.671656608581545,328.63140869140625,0.0,1.0427215099334717,7.924896240234375,36.16221237182617,5.154753125680145e-06,213.38217163085932,1755.8641357421875,0.0,0.0,13.796065330505373,1.034000039100647,1.8844215869903564,291.9351501464844,86.03154754638672,0.0,50.0,1.6928973197937012,0.0,125.80003356933594,0.0,0.0,1310.5,0.0,301.2325134277344,36.1625862121582,63.76280212402344,0.7680734395980835,1514.27783203125,301.234375,264.7420349121094,2265676.25,965.6604614257812,17244.462890625,0.0439999997615814,0.0,2665.767822265625,2230.0,1.886940836906433,-2.1922717094421387,292.4691772460937,0.0177293121814727,0.0,1,419.2271728515625,0.0,31.752243041992188,0.0,34419.73046875,54.62693786621094,74.4836196899414,-6.149999618530273,126.4394302368164,0.0010999999940395,0.0,0.0,0.0,71.8883285522461,0.0,291.9350280761719,0.0,-5.881300449371338,0.0,0.0,0.0999999940395355,0.9067617654800416,0.0,0.0973486825823783,50.0,86.03154754638672,0.0,0.0,27.57633781433105,0.0,50.0,50.0,292.1973876953125,1576.89697265625,67.26129913330078,0.0,74.48483276367188,Reactor Scram,296.71612548828125
0.0,1.0441179275512695,0.0,66.04548645019531,0.0,0.0,0.0,0.0,301.1976928710937,292.45855712890625,15.360506057739258,1.1867111921310425,0.0004382021725177,1.0423744916915894,0.0,235621.71875,14.662205696105955,328.7010498046875,0.0,1.0429556369781494,7.924896240234375,36.24209976196289,5.154753125680145e-06,215.2762908935547,1755.8665771484375,0.0,0.0,13.737399101257324,1.034000039100647,1.878665566444397,291.927490234375,85.93814849853516,0.0,50.0,1.693559646606445,0.0,126.21485137939452,0.0,0.0,1310.5,0.0,301.1958923339844,36.24247360229492,63.65021896362305,0.7681311964988708,1514.73828125,301.1976928710937,264.8069152832031,2288935.5,970.3197021484376,17244.462890625,0.0439999997615814,0.0,2665.481201171875,2240.0,1.8811206817626955,-2.2135610580444336,292.4589538574219,0.0179904177784919,0.0,1,421.3561096191406,0.0,31.61845016479492,0.0,34431.3359375,54.45844268798828,74.48430633544922,-6.149999618530273,126.55399322509766,0.0010999999940395,0.0,0.0,0.0,71.8851318359375,0.0,291.9272155761719,0.0,-5.901869773864746,0.0,0.0,0.0999999940395355,0.9067617654800416,0.0,0.0728575885295867,50.0,85.93814849853516,0.0,0.0,27.45932579040528,0.0,50.0,50.0,292.1885681152344,1576.657958984375,66.99736785888672,0.0,74.48550415039062,Reactor Scram,296.6933288574219
0.0,1.0441179275512695,0.0,66.13326263427734,0.0,0.0,0.0,0.0,301.1616516113281,292.4484558105469,15.36040210723877,1.188623309135437,0.0004403197672218,1.042725682258606,0.0,237982.34375,14.65279483795166,328.7701416015625,0.0,1.0431897640228271,7.924896240234375,36.32137680053711,5.154753125680145e-06,217.18533325195312,1755.8690185546875,0.0,0.0,13.678522109985352,1.034000039100647,1.87298846244812,291.9198303222656,85.84544372558594,0.0,50.0,1.6942217350006104,0.0,126.6231689453125,0.0,0.0,1310.5,0.0,301.15985107421875,36.32168197631836,63.538211822509766,0.768187940120697,1515.1951904296875,301.1616516113281,264.8713073730469,2312192.25,975.1267700195312,17244.462890625,0.0439999997615814,0.0,2665.1962890625,2250.0,1.8754351139068604,-2.234797716140747,292.4487609863281,0.0182554516941308,0.0,1,423.4797668457031,0.0,31.495407104492188,0.0,34442.9375,54.29384613037109,74.48497009277344,-6.149999618530273,126.66769409179688,0.0010999999940395,0.0,0.0,0.0,71.88255310058594,0.0,291.91961669921875,0.0,-5.922387599945068,0.0,0.0,0.0999999940395355,0.9067617654800416,0.0,0.0485647730529308,50.0,85.84544372558594,0.0,0.0,27.342309951782227,0.0,50.0,50.0,292.17974853515625,1576.4190673828125,66.73775482177734,0.0,74.48616027832031,Reactor Scram,296.6708984375
0.0,1.0441179275512695,0.0,66.22044372558594,0.0,0.0,0.0,0.0,301.1258239746094,292.4385681152344,15.360346794128418,1.1904749870300293,0.0004424241487868,1.0430771112442017,0.0,240340.78125,14.643418312072754,328.8388061523437,0.0,1.043424129486084,7.924896240234375,36.40007781982422,5.154753125680145e-06,219.10943603515625,1755.8714599609375,0.0,0.0,13.621121406555176,1.034000039100647,1.867388367652893,291.9122009277344,85.75338745117188,0.0,50.0,1.6948760747909546,0.0,127.0316162109375,0.0,0.0,1310.5,0.0,301.12408447265625,36.40024948120117,63.42654800415039,0.7682443857192993,1515.6488037109375,301.1258239746094,264.9352111816406,2335446.25,979.9037475585938,17244.462890625,0.0439999997615814,0.0,2664.912841796875,2260.0,1.8697848320007324,-2.255981922149658,292.438720703125,0.0185211189091205,0.0,1,425.5981750488281,0.0,31.365779876708984,0.0,34454.546875,54.13027191162109,74.48551177978516,-6.149999618530273,126.78060150146484,0.0010999999940395,0.0,0.0,0.0,71.88056182861328,0.0,291.9119567871094,0.0,-5.942861080169678,0.0,0.0,0.0999999940395355,0.9067617654800416,0.0,0.024449348449707,50.0,85.75338745117188,0.0,0.0,27.22782325744629,0.0,50.0,50.0,292.1710205078125,1576.18017578125,66.48170471191406,0.0,74.4866943359375,Reactor Scram,296.64862060546875
0.0,1.0441179275512695,0.0,66.30687713623047,0.0,0.0,0.0,0.0,301.09100341796875,292.4291076660156,15.360343933105469,1.192468762397766,0.0004445888916961,1.0430771112442017,0.0,242696.921875,14.634079933166504,328.9068908691406,0.0,1.043424129486084,7.924896240234375,36.4776611328125,5.154753125680145e-06,221.0484771728516,1755.8739013671875,0.0,0.0,13.56730842590332,1.034000039100647,1.861863374710083,291.9048156738281,85.66207122802734,0.0,50.0,1.6954869031906128,0.0,127.41552734375,0.0,0.0,1310.5,0.0,301.0892944335937,36.47779846191406,63.315372467041016,0.7682991623878479,1516.098876953125,301.09100341796875,264.9985656738281,2358697.25,984.8176879882812,17244.462890625,0.0439999997615814,0.0,2664.63134765625,2270.0,1.8642125129699707,-2.277113437652588,292.4292297363281,0.0187905449420213,0.0,1,427.7113342285156,0.0,31.240753173828125,0.0,34454.546875,53.96895217895508,74.4860610961914,-6.149999618530273,126.89260864257812,0.0010999999940395,0.0,0.0,0.0,71.87924194335938,0.0,291.9047241210937,0.0,-5.963326930999756,0.0,0.0,0.0999999940395355,0.9067617654800416,0.0,0.0005426231655292,50.0,85.66207122802734,0.0,0.0,27.120201110839844,0.0,50.0,50.0,292.16290283203125,1575.9412841796875,66.23469543457031,0.0,74.48722839355469,Reactor Scram,296.62713623046875
0.0,1.0441179275512695,0.0,66.39581298828125,0.0,0.0,0.0,0.0,301.0772399902344,292.4403991699219,15.360418319702148,1.1979793310165403,0.0004480459610931,1.0430771112442017,0.0,245050.796875,14.624798774719238,328.9925842285156,0.0,1.043424129486084,7.924896240234375,36.55205535888672,5.154753125680145e-06,223.00254821777344,1755.8763427734375,0.0,0.0,13.696249008178713,1.034000039100647,1.856411695480347,291.9142150878906,85.54711151123047,0.0,50.0,1.693656325340271,0.0,127.94473266601562,0.0,0.0,1310.5,0.0,301.0771179199219,36.55219268798828,63.20589828491211,0.7683209180831909,1296.181640625,301.0772399902344,265.07830810546875,2381946.25,992.665283203125,17244.462890625,0.0439999997615814,0.0,2664.27587890625,2280.0,1.8565797805786133,-2.298190832138061,292.4405212402344,0.0191172529011964,0.0,1,429.819091796875,0.0,31.223119735717773,0.0,34454.546875,53.74798583984375,74.48847198486328,-6.149999618530273,127.03532409667967,0.0010999999940395,0.0,0.0,0.0,71.87966918945312,0.0,291.9140625,0.0,-5.986213207244873,0.0,0.0,0.0999999940395355,0.9067617654800416,0.0,-4.230217200529296e-06,50.0,85.54711151123047,0.1969857364892959,0.0,27.37849235534668,0.0,50.0,50.0,292.187255859375,1575.70263671875,66.16793823242188,0.0,74.4896240234375,Reactor Scram,296.6316833496094
0.0,1.0441179275512695,0.0,66.48247528076172,0.0,0.0,0.0,0.0,301.0739440917969,292.46368408203125,15.360544204711914,1.2094385623931885,0.0004536986234597,1.0430771112442017,0.0,247402.359375,14.61555004119873,329.078857421875,0.0,1.043424129486084,7.924896240234375,36.61502456665039,5.154753125680145e-06,224.9717254638672,1755.8787841796875,0.0,0.0,13.804718017578123,1.034000039100647,1.8510315418243408,291.93310546875,85.43143463134766,0.0,50.0,1.692038655281067,0.0,128.3112030029297,0.0,0.0,1310.5,0.0,301.07373046875,36.61516189575195,63.09840393066406,0.7683261036872864,1296.2899169921875,301.0739440917969,265.1584777832031,2405192.5,1005.4972534179688,17244.462890625,0.0439999997615814,0.0,2663.91748046875,2290.0,1.8513543605804443,-2.319211959838867,292.4638366699219,0.0195423681288957,0.0,1,431.9212036132813,0.0,31.35409927368164,0.0,34454.546875,53.596710205078125,74.49324798583984,-6.149999618530273,127.17697143554688,0.0010999999940395,0.0,0.0,0.0,71.8824691772461,0.0,291.9329528808594,0.0,-6.008846759796143,0.0,0.0,0.0999999940395355,0.9067617654800416,0.0,3.162505663567572e-06,50.0,85.43143463134766,0.3987099528312683,0.0,27.59542465209961,0.0,50.0,50.0,292.20880126953125,1575.4659423828125,66.43230438232422,0.0,74.494384765625,Reactor Scram,296.6408996582031
0.0,1.0441179275512695,0.0,66.5654525756836,0.0,0.0,0.0,0.0,301.06756591796875,292.4848022460937,15.360641479492188,1.2235876321792605,0.0004603714041877,1.0430771112442017,0.0,249751.71875,14.606261253356934,329.1619567871094,0.0,1.043424129486084,7.924896240234375,36.67700958251953,5.154753125680145e-06,226.95590209960932,1755.8812255859375,0.0,0.0,13.887019157409668,1.034000039100647,1.8457216024398804,291.9506225585937,85.31995391845703,0.0,50.0,1.6906979084014893,0.0,128.67018127441406,0.0,0.0,1310.5,0.0,301.0671691894531,36.67714691162109,62.99119567871094,0.7683361172676086,1296.37841796875,301.06756591796875,265.2357482910156,2428435.75,1020.64453125,17244.462890625,0.0439999997615814,0.0,2663.57177734375,2300.0,1.8462635278701784,-2.340177059173584,292.4849548339844,0.0200165398418903,0.0,1,434.0177001953125,0.0,31.55510902404785,0.0,34454.546875,53.4493293762207,74.49846649169922,-6.149999618530273,127.3135223388672,0.0010999999940395,0.0,0.0,0.0,71.88570404052734,0.0,291.95050048828125,0.0,-6.031142711639404,0.0,0.0,0.0999999940395355,0.9067617654800416,0.0,-5.188157956581563e-06,50.0,85.31995391845703,0.5930246710777283,0.0,27.7600212097168,0.0,50.0,50.0,292.22662353515625,1575.229248046875,66.8365478515625,0.0,74.49959564208984,Reactor Scram,296.6466979980469
0.0,1.0441179275512695,0.0,66.64579772949219,0.0,0.0,0.0,0.0,301.05828857421875,292.50244140625,15.360678672790527,1.2386711835861206,0.0004674265510402,1.0430771112442017,0.0,252098.78125,14.596900939941406,329.2424011230469,0.0,1.043424129486084,7.924896240234375,36.73980712890625,5.154753125680145e-06,228.95494079589844,1755.8836669921875,0.0,0.0,13.952438354492188,1.034000039100647,1.840479850769043,291.96551513671875,85.21208190917969,0.0,50.0,1.6895860433578491,0.0,129.0284881591797,0.0,0.0,1310.5,0.0,301.0577392578125,36.73994445800781,62.88334655761719,0.7683507800102234,1296.450927734375,301.05828857421875,265.3104248046875,2451677.0,1036.6600341796875,17244.462890625,0.0439999997615814,0.0,2663.236083984375,2310.0,1.8412081003189087,-2.3610870838165283,292.5025939941406,0.0205125194042921,0.0,1,436.1087036132813,0.0,31.772445678710938,0.0,34454.546875,53.30297470092773,74.50324249267578,-6.149999618530273,127.44567108154295,0.0010999999940395,0.0,0.0,0.0,71.88851165771484,0.0,291.9653625488281,0.0,-6.053149700164795,0.0,0.0,0.0999999940395355,0.9067617654800416,0.0,-3.469975126790814e-06,50.0,85.21208190917969,0.7809367775917053,0.0,27.891277313232425,0.0,50.0,50.0,292.2414245605469,1574.9925537109375,67.2905502319336,0.0,74.50436401367188,Reactor Scram,296.6495056152344
0.0,1.0441179275512695,0.0,66.72406005859375,0.0,0.0,0.0,0.0,301.04644775390625,292.5169677734375,15.360641479492188,1.2536635398864746,0.0004744883626699,1.0430771112442017,0.0,254443.625,14.587458610534668,329.3204040527344,0.0,1.043424129486084,7.924896240234375,36.80331802368164,5.154753125680145e-06,230.9688720703125,1755.8861083984375,0.0,0.0,14.0060396194458,1.034000039100647,1.835305094718933,291.9778747558594,85.10746002197266,0.0,50.0,1.6886752843856812,0.0,129.38662719726562,0.0,0.0,1310.5,0.0,301.0458068847656,36.8034553527832,62.7745361328125,0.7683693766593933,1296.509033203125,301.04644775390625,265.3828125,2474915.25,1052.6905517578125,17244.462890625,0.0439999997615814,0.0,2662.91015625,2320.0,1.8361809253692627,-2.3819429874420166,292.51708984375,0.0210137851536273,0.0,1,438.1943054199219,0.0,31.98996925354004,0.0,34454.546875,53.15743637084961,74.50716400146484,-6.149999618530273,127.57384490966795,0.0010999999940395,0.0,0.0,0.0,71.89036560058594,0.0,291.9777526855469,0.0,-6.074897766113281,0.0,0.0,0.0999999940395355,0.9067617654800416,0.0,2.6985637759935344e-06,50.0,85.10746002197266,0.963104486465454,0.0,27.998056411743164,0.0,50.0,50.0,292.2535400390625,1574.755859375,67.72772979736328,0.0,74.50829315185547,Reactor Scram,296.64971923828125
0.0,1.0441179275512695,0.0,66.80075073242188,0.0,0.0,0.0,0.0,301.032470703125,292.52880859375,15.360532760620115,1.2679859399795532,0.0004813411796931,1.0430771112442017,0.0,256786.1875,14.577937126159668,329.3963623046875,0.0,1.043424129486084,7.924896240234375,36.86743927001953,5.154753125680145e-06,232.99761962890625,1755.8885498046875,0.0,0.0,14.050145149230955,1.034000039100647,1.830195426940918,291.9879150390625,85.00557708740234,0.0,50.0,1.6879428625106812,0.0,129.7425994873047,0.0,0.0,1310.5,0.0,301.03173828125,36.86757659912109,62.66452407836914,0.7683913707733154,1296.5545654296875,301.032470703125,265.45318603515625,2498151.5,1068.2470703125,17244.462890625,0.0439999997615814,0.0,2662.592041015625,2330.0,1.831210374832153,-2.4027459621429443,292.5289306640625,0.0215105190873146,0.0,1,440.2745971679688,0.0,32.1810417175293,0.0,34454.546875,53.01354217529297,74.5101089477539,-6.149999618530273,127.69871520996094,0.0010999999940395,0.0,0.0,0.0,71.89118957519531,0.0,291.98779296875,0.0,-6.096411228179932,0.0,0.0,0.0999999940395355,0.9067617654800416,0.0,1.90666605703882e-06,50.0,85.00557708740234,1.140077829360962,0.0,28.086685180664062,0.0,50.0,50.0,292.26324462890625,1574.5191650390625,68.12914276123047,0.0,74.51123046875,Reactor Scram,296.64764404296875
0.0,1.0441179275512695,0.0,66.8760757446289,0.0,0.0,0.0,0.0,301.0165710449219,292.53814697265625,15.360358238220217,1.2814339399337769,0.000487906858325,1.0430771112442017,0.0,259126.515625,14.56834316253662,329.4705505371094,0.0,1.043424129486084,7.924896240234375,36.932273864746094,5.154753125680145e-06,235.04116821289065,1755.8909912109375,0.0,0.0,14.086230278015137,1.034000039100647,1.825149655342102,291.995849609375,84.90608978271484,0.0,50.0,1.6873712539672852,0.0,130.0973663330078,0.0,0.0,1310.5,0.0,301.0157470703125,36.93240737915039,62.55339431762695,0.7684164643287659,1296.588623046875,301.0165710449219,265.5216064453125,2521384.75,1083.1510009765625,17244.462890625,0.0439999997615814,0.0,2662.28076171875,2340.0,1.8262823820114136,-2.423496723175049,292.5382995605469,0.0219988375902175,0.0,1,442.34967041015625,0.0,32.34635925292969,0.0,34454.546875,52.87087631225586,74.51213073730469,-6.149999618530273,127.82064819335938,0.0010999999940395,0.0,0.0,0.0,71.89097595214844,0.0,291.9957275390625,0.0,-6.117708683013916,0.0,0.0,0.0999999940395355,0.9067617654800416,0.0,4.537085260380991e-06,50.0,84.90608978271484,1.3122738599777222,0.0,28.15885353088379,0.0,50.0,50.0,292.2708435058594,1574.282470703125,68.47901916503906,0.0,74.51325225830078,Reactor Scram,296.6435546875
0.0,1.0441179275512695,0.0,66.95014190673828,0.0,0.0,0.0,0.0,300.9990234375,292.5453796386719,15.360129356384276,1.2938884496688845,0.0004941371735185,1.0430771112442017,0.0,261464.59375,14.558688163757324,329.5430908203125,0.0,1.043424129486084,7.924896240234375,36.9975814819336,5.154753125680145e-06,237.0994873046875,1755.8934326171875,0.0,0.0,14.115142822265623,1.034000039100647,1.8201663494110107,292.0019226074219,84.80879974365234,0.0,50.0,1.686942219734192,0.0,130.4503936767578,0.0,0.0,1310.5,0.0,300.99810791015625,36.99771499633789,62.44118881225586,0.7684441208839417,1296.612548828125,300.9990234375,265.5883178710937,2544615.5,1097.294189453125,17244.462890625,0.0439999997615814,0.0,2661.97607421875,2350.0,1.821403980255127,-2.444195032119751,292.5455017089844,0.0224761292338371,0.0,1,444.4194946289063,0.0,32.48320770263672,0.0,34454.546875,52.72964477539063,74.51333618164062,-6.149999618530273,127.93988037109376,0.0010999999940395,0.0,0.0,0.0,71.88985443115234,0.0,292.0018005371094,0.0,-6.138808250427246,0.0,0.0,0.0999999940395355,0.9067617654800416,0.0,-2.896690602938179e-07,50.0,84.80879974365234,1.4800374507904053,0.0,28.216676712036133,0.0,50.0,50.0,292.27655029296875,1574.045654296875,68.7719497680664,0.0,74.51445770263672,Reactor Scram,296.6376342773437
0.0,1.0441179275512695,0.0,67.02298736572266,0.0,0.0,0.0,0.0,300.97998046875,292.55078125,15.359858512878418,1.3053128719329834,0.0005000150995329,1.0430771112442017,0.0,263800.4375,14.548980712890623,329.6141052246094,0.0,1.043424129486084,7.924896240234375,37.06319427490234,5.154753125680145e-06,239.1725616455078,1755.8958740234375,0.0,0.0,14.137511253356934,1.034000039100647,1.8152443170547483,292.0062866210937,84.71356201171875,0.0,50.0,1.686640977859497,0.0,130.8011474609375,0.0,0.0,1310.5,0.0,300.97900390625,37.06332778930664,62.32818222045898,0.7684740424156189,1296.6275634765625,300.97998046875,265.65338134765625,2567843.75,1110.63720703125,17244.462890625,0.0439999997615814,0.0,2661.677001953125,2360.0,1.816582202911377,-2.464841604232788,292.5509033203125,0.0229411479085683,0.0,1,446.4841613769531,0.0,32.59111785888672,0.0,34454.546875,52.59005355834961,74.51384735107422,-6.149999618530273,128.05662536621094,0.0010999999940395,0.0,0.0,0.0,71.88787841796875,0.0,292.00616455078125,0.0,-6.159726619720459,0.0,0.0,0.0999999940395355,0.9067617654800416,0.0,-4.639327016775496e-06,50.0,84.71356201171875,1.6436997652053833,0.0,28.26141166687012,0.0,50.0,50.0,292.2805480957031,1573.8101806640625,69.00696563720703,0.0,74.51496124267578,Reactor Scram,296.63018798828125
0.0,1.0441179275512695,0.0,67.09467315673828,0.0,0.0,0.0,0.0,300.9596252441406,292.55426025390625,15.359553337097168,1.3157528638839722,0.0005055536166764,1.0430771112442017,0.0,266134.0,14.53923225402832,329.6837158203125,0.0,1.043424129486084,7.924896240234375,37.12928009033203,5.154753125680145e-06,241.26036071777344,1755.8983154296875,0.0,0.0,14.153338432312012,1.034000039100647,1.8103818893432613,292.0091857910156,84.6202163696289,0.0,50.0,1.6864546537399292,0.0,131.151123046875,0.0,0.0,1310.5,0.0,300.95855712890625,37.12944793701172,62.214351654052734,0.7685061693191528,1296.6346435546875,300.9596252441406,265.7169189453125,2591069.25,1123.2099609375,17244.462890625,0.0439999997615814,0.0,2661.38330078125,2370.0,1.811795711517334,-2.485437393188477,292.554443359375,0.0233940538018941,0.0,1,448.5437316894531,0.0,32.67744827270508,0.0,34454.546875,52.45148468017578,74.5137939453125,-6.149999618530273,128.17105102539062,0.0010999999940395,0.0,0.0,0.0,71.88525390625,0.0,292.0090026855469,0.0,-6.180476188659668,0.0,0.0,0.0999999940395355,0.9067617654800416,0.0,2.444337042106781e-06,50.0,84.6202163696289,1.8036121129989624,0.0,28.29306602478028,0.0,50.0,50.0,292.28302001953125,1573.57568359375,69.18154907226562,0.0,74.51490783691406,Reactor Scram,296.62127685546875
0.0,1.0441179275512695,0.0,67.16523742675781,0.0,0.0,0.0,0.0,300.9381408691406,292.5563049316406,15.359224319458008,1.3252649307250977,0.0005107702454552,1.0430771112442017,0.0,268465.375,14.529454231262209,329.7520446777344,0.0,1.043424129486084,7.924896240234375,37.19560623168945,5.154753125680145e-06,243.3629150390625,1755.9007568359375,0.0,0.0,14.163257598876951,1.034000039100647,1.8055779933929443,292.0107116699219,84.5285873413086,0.0,50.0,1.6863728761672974,0.0,131.4982147216797,0.0,0.0,1310.5,0.0,300.9370422363281,37.19573974609375,62.09997177124024,0.7685399651527405,1296.634033203125,300.9381408691406,265.7790222167969,2614292.0,1135.0521240234375,17244.462890625,0.0439999997615814,0.0,2661.0947265625,2380.0,1.8070731163024905,-2.5059826374053955,292.5564270019531,0.0238352343440055,0.0,1,450.5982666015625,0.0,32.732627868652344,0.0,34454.546875,52.31476593017578,74.51329803466797,-6.149999618530273,128.2833709716797,0.0010999999940395,0.0,0.0,0.0,71.88203430175781,0.0,292.01055908203125,0.0,-6.2010698318481445,0.0,0.0,0.0999999940395355,0.9067617654800416,0.0,-4.9692325774230994e-06,50.0,84.5285873413086,1.9597407579422,0.0,28.31290054321289,0.0,50.0,50.0,292.2841186523437,1573.3411865234375,69.31096649169922,0.0,74.51441192626953,Reactor Scram,296.61114501953125
0.0,1.0441179275512695,0.0,67.2347183227539,0.0,0.0,0.0,0.0,300.9156494140625,292.55694580078125,15.35888671875,1.3339738845825195,0.0005157090490683,1.0430771112442017,0.0,270794.5,14.519657135009766,329.8191833496094,0.0,1.043424129486084,7.924896240234375,37.26210021972656,5.154753125680145e-06,245.4801483154297,1755.9031982421875,0.0,0.0,14.16747760772705,1.034000039100647,1.800831317901611,292.0110778808594,84.43853759765625,0.0,50.0,1.6863831281661987,0.0,131.844482421875,0.0,0.0,1310.5,0.0,300.9144897460937,37.26223373413086,61.985130310058594,0.7685754299163818,1296.627197265625,300.9156494140625,265.8395690917969,2637512.75,1146.263427734375,17244.462890625,0.0439999997615814,0.0,2660.810302734375,2390.0,1.8023858070373533,-2.5264782905578613,292.5570678710937,0.0242663715034723,0.0,1,452.6478271484375,0.0,32.77171325683594,0.0,34454.546875,52.17906951904297,74.51248931884766,-6.149999618530273,128.39376831054688,0.0010999999940395,0.0,0.0,0.0,71.87850189208984,0.0,292.0109558105469,0.0,-6.221519470214844,0.0,0.0,0.0999999940395355,0.9067617654800416,0.0,4.450700998859247e-06,50.0,84.43853759765625,2.1121554374694824,0.0,28.32134056091309,0.0,50.0,50.0,292.2839660644531,1573.106689453125,69.3909683227539,0.0,74.51359558105469,Reactor Scram,296.59979248046875
0.0,1.0441179275512695,0.0,67.3031997680664,0.0,0.0,0.0,0.0,300.89227294921875,292.5563659667969,15.35854434967041,1.3418716192245483,0.0005203636828809,1.0430771112442017,0.0,273121.375,14.509845733642578,329.8852233886719,0.0,1.043424129486084,7.924896240234375,37.32872772216797,5.154753125680145e-06,247.6120147705078,1755.9056396484375,0.0,0.0,14.166845321655272,1.034000039100647,1.7961409091949463,292.01043701171875,84.34992218017578,0.0,50.0,1.686464786529541,0.0,132.1903839111328,0.0,0.0,1310.5,0.0,300.8910827636719,37.32886505126953,61.86983489990234,0.7686122059822083,1296.6153564453125,300.89227294921875,265.89898681640625,2660730.75,1156.829345703125,17244.462890625,0.0439999997615814,0.0,2660.530029296875,2400.0,1.79772686958313,-2.546924114227295,292.5564880371094,0.0246868040412664,0.0,1,454.6924133300781,0.0,32.783409118652344,0.0,34454.546875,52.044193267822266,74.51142120361328,-6.149999618530273,128.50242614746094,0.0010999999940395,0.0,0.0,0.0,71.87469482421875,0.0,292.01031494140625,0.0,-6.241846561431885,0.0,0.0,0.0999999940395355,0.9067617654800416,0.0,3.416714378090546e-07,50.0,84.34992218017578,2.261627674102783,0.0,28.320499420166016,0.0,50.0,50.0,292.28289794921875,1572.8721923828125,69.4332275390625,0.0,74.51251983642578,Reactor Scram,296.58758544921875
0.0,1.0441179275512695,0.0,67.37066650390625,0.0,0.0,0.0,0.0,300.86834716796875,292.5546875,15.35820198059082,1.3491355180740356,0.0005247984081506,1.0430771112442017,0.0,275446.09375,14.500024795532228,329.9503479003906,0.0,1.043424129486084,7.924896240234375,37.3954963684082,5.154753125680145e-06,249.7585906982422,1755.9080810546875,0.0,0.0,14.161568641662598,1.034000039100647,1.791505217552185,292.0088806152344,84.26264190673828,0.0,50.0,1.6866155862808228,0.0,132.5333251953125,0.0,0.0,1310.5,0.0,300.8671569824219,37.3956298828125,61.754302978515625,0.7686499357223511,1296.598388671875,300.86834716796875,265.9573059082031,2683946.25,1166.896484375,17244.462890625,0.0439999997615814,0.0,2660.253662109375,2410.0,1.7931315898895264,-2.5673208236694336,292.5548400878906,0.0250992961227893,0.0,1,456.7320861816406,0.0,32.78972625732422,0.0,34454.546875,51.91115951538086,74.51022338867188,-6.149999618530273,128.6094207763672,0.0010999999940395,0.0,0.0,0.0,71.87069702148438,0.0,292.0087280273437,0.0,-6.262055397033691,0.0,0.0,0.0999999940395355,0.9067617654800416,0.0,3.829278284683824e-06,50.0,84.26264190673828,2.408367872238159,0.0,28.309946060180664,0.0,50.0,50.0,292.2808837890625,1572.6376953125,69.43025207519531,0.0,74.51132202148438,Reactor Scram,296.5746765136719
0.0,1.0441179275512695,0.0,67.43724060058594,0.0,0.0,0.0,0.0,300.8438720703125,292.5521850585937,15.357872009277344,1.3557039499282837,0.0005289874970912,1.0430771112442017,0.0,277768.46875,14.49021339416504,330.0144958496094,0.0,1.043424129486084,7.924896240234375,37.462158203125,5.154753125680145e-06,251.91981506347656,1755.9105224609375,0.0,0.0,14.152283668518066,1.034000039100647,1.7869231700897217,292.00665283203125,84.17657470703125,0.0,50.0,1.6868247985839844,0.0,132.8732452392578,0.0,0.0,1310.5,0.0,300.8426208496094,37.46229553222656,61.638702392578125,0.768688440322876,1296.5775146484375,300.8438720703125,266.0146789550781,2707159.0,1176.4056396484375,17244.462890625,0.0439999997615814,0.0,2659.980712890625,2420.0,1.7886000871658323,-2.5876688957214355,292.5523376464844,0.0255022831261158,0.0,1,458.7668762207031,0.0,32.766456604003906,0.0,34454.546875,51.779972076416016,74.5088882446289,-6.149999618530273,128.7149658203125,0.0010999999940395,0.0,0.0,0.0,71.86664581298828,0.0,292.0065002441406,0.0,-6.282155513763428,0.0,0.0,0.0999999940395355,0.9067617654800416,0.0,5.394851427809044e-07,50.0,84.17657470703125,2.5526280403137207,0.0,28.29095458984375,0.0,50.0,50.0,292.2781066894531,1572.4031982421875,69.40240478515625,0.0,74.50997161865234,Reactor Scram,296.56109619140625
0.0,1.0441179275512695,0.0,67.50289916992188,0.0,0.0,0.0,0.0,300.8187866210937,292.54888916015625,15.357558250427246,1.361812710762024,0.0005330186104401,1.0430771112442017,0.0,280088.78125,14.4804048538208,330.0778503417969,0.0,1.043424129486084,7.924896240234375,37.52882385253906,5.154753125680145e-06,254.0956420898437,1755.9129638671875,0.0,0.0,14.13877773284912,1.034000039100647,1.7823939323425293,292.0037841796875,84.09160614013672,0.0,50.0,1.687080144882202,0.0,133.21481323242188,0.0,0.0,1310.5,0.0,300.81756591796875,37.52895736694336,61.52294158935547,0.7687279582023621,1296.553466796875,300.8187866210937,266.07110595703125,2730369.25,1185.556640625,17244.462890625,0.0439999997615814,0.0,2659.710693359375,2430.0,1.784068584442139,-2.607969045639038,292.5490417480469,0.0258997865021228,0.0,1,460.7969055175781,0.0,32.731258392333984,0.0,34454.546875,51.64878463745117,74.50753784179688,-6.149999618530273,128.81915283203125,0.0010999999940395,0.0,0.0,0.0,71.86268615722656,0.0,292.0036315917969,0.0,-6.302160263061523,0.0,0.0,0.0999999940395355,0.9067617654800416,0.0,-3.6472631563810864e-06,50.0,84.09160614013672,2.694586515426636,0.0,28.264366149902344,0.0,50.0,50.0,292.27471923828125,1572.168701171875,69.3506088256836,0.0,74.50862884521484,Reactor Scram,296.5468444824219
0.0,1.0441179275512695,0.0,67.5677261352539,0.0,0.0,0.0,0.0,300.7936096191406,292.54498291015625,15.35726261138916,1.3674839735031128,0.000536898325663,1.0430771112442017,0.0,282406.65625,14.470608711242676,330.1404113769531,0.0,1.043424129486084,7.924896240234375,37.59528350830078,5.154753125680145e-06,256.2861328125,1755.9154052734375,0.0,0.0,14.121684074401855,1.034000039100647,1.7779161930084229,292.0003967285156,84.0076675415039,0.0,50.0,1.687381386756897,0.0,133.55064392089844,0.0,0.0,1310.5,0.0,300.7923583984375,37.59545135498047,61.4073371887207,0.7687676548957825,1296.5260009765625,300.7936096191406,266.12664794921875,2753577.0,1194.3636474609375,17244.462890625,0.0439999997615814,0.0,2659.443603515625,2440.0,1.779636263847351,-2.628221035003662,292.5451354980469,0.0262919142842292,0.0,1,462.8221130371094,0.0,32.696380615234375,0.0,34454.546875,51.520469665527344,74.50621032714844,-6.149999618530273,128.92208862304688,0.0010999999940395,0.0,0.0,0.0,71.85877227783203,0.0,292.0002746582031,0.0,-6.322071552276611,0.0,0.0,0.0999999940395355,0.9067617654800416,0.0,4.544700459518936e-06,50.0,84.0076675415039,2.8344013690948486,0.0,28.230180740356445,0.0,50.0,50.0,292.2707214355469,1571.9342041015625,69.26480102539062,0.0,74.50727844238281,Reactor Scram,296.5322570800781
0.0,1.0441179275512695,0.0,67.63169860839844,0.0,0.0,0.0,0.0,300.76812744140625,292.5405578613281,15.35699462890625,1.372796893119812,0.000540655630175,1.0430771112442017,0.0,284722.46875,14.460824966430664,330.2022705078125,0.0,1.043424129486084,7.924896240234375,37.66157531738281,5.154753125680145e-06,258.4911499023437,1755.9178466796875,0.0,0.0,14.102269172668455,1.034000039100647,1.7734891176223757,291.9965209960937,83.92471313476562,0.0,50.0,1.6877081394195557,0.0,133.8870391845703,0.0,0.0,1310.5,0.0,300.766845703125,37.66170883178711,61.291725158691406,0.7688077092170715,1296.4969482421875,300.76812744140625,266.18145751953125,2776781.75,1202.89306640625,17244.462890625,0.0439999997615814,0.0,2659.179443359375,2450.0,1.7752180099487305,-2.648425579071045,292.54071044921875,0.0266799312084913,0.0,1,464.8425598144531,0.0,32.6409797668457,0.0,34454.546875,51.39256286621094,74.50492095947266,-6.149999618530273,129.0238037109375,0.0010999999940395,0.0,0.0,0.0,71.8551025390625,0.0,291.99639892578125,0.0,-6.341909408569336,0.0,0.0,0.0999999940395355,0.9067617654800416,0.0,2.015220616158331e-06,50.0,83.92471313476562,2.972266435623169,0.0,28.19135284423828,0.0,50.0,50.0,292.2663879394531,1571.700927734375,69.17228698730469,0.0,74.5059814453125,Reactor Scram,296.5173645019531
0.0,1.0441179275512695,0.0,67.69474029541016,0.0,0.0,0.0,0.0,300.7424011230469,292.5355834960937,15.35675048828125,1.3779008388519287,0.0005443468107841,1.0430771112442017,0.0,287036.03125,14.45106029510498,330.2633361816406,0.0,1.043424129486084,7.924896240234375,37.72762680053711,5.154753125680145e-06,260.7108154296875,1755.9202880859375,0.0,0.0,14.07947826385498,1.034000039100647,1.7691115140914917,291.992431640625,83.84282684326172,0.0,50.0,1.6880654096603394,0.0,134.22238159179688,0.0,0.0,1310.5,0.0,300.7411193847656,37.72776412963867,61.17621612548828,0.7688482999801636,1296.465576171875,300.7424011230469,266.2355651855469,2799984.75,1211.27197265625,17244.462890625,0.0439999997615814,0.0,2658.91796875,2460.0,1.7708351612091064,-2.6685826778411865,292.53570556640625,0.0270664952695369,0.0,1,466.8582763671875,0.0,32.586116790771484,0.0,34454.546875,51.26567840576172,74.50373840332031,-6.149999618530273,129.1242218017578,0.0010999999940395,0.0,0.0,0.0,71.85169219970703,0.0,291.9923095703125,0.0,-6.361669063568115,0.0,0.0,0.0999999940395355,0.9067617654800416,0.0,-2.2158071715239203e-06,50.0,83.84282684326172,3.108311414718628,0.0,28.14577293395996,0.0,50.0,50.0,292.2616271972656,1571.4686279296875,69.0634536743164,0.0,74.50479888916016,Reactor Scram,296.50213623046875
0.0,1.0441179275512695,0.0,67.7569580078125,0.0,0.0,0.0,0.0,300.71685791015625,292.5303649902344,15.356534004211426,1.3826360702514648,0.0005479088285937,1.0430771112442017,0.0,289347.4375,14.441314697265623,330.3236694335937,0.0,1.043424129486084,7.924896240234375,37.79317474365234,5.154753125680145e-06,262.94500732421875,1755.9227294921875,0.0,0.0,14.055842399597168,1.034000039100647,1.7647823095321655,291.988037109375,83.7619400024414,0.0,50.0,1.6884328126907349,0.0,134.5544891357422,0.0,0.0,1310.5,0.0,300.715576171875,37.79330825805664,61.06095504760742,0.7688884735107422,1296.4334716796875,300.71685791015625,266.2889709472656,2823184.75,1219.35791015625,17244.462890625,0.0439999997615814,0.0,2658.6591796875,2470.0,1.766516089439392,-2.688693284988404,292.5304870605469,0.0274483039975166,0.0,1,468.8693237304688,0.0,32.52797317504883,0.0,34454.546875,51.14064025878906,74.50257873535156,-6.149999618530273,129.22341918945312,0.0010999999940395,0.0,0.0,0.0,71.84845733642578,0.0,291.9878845214844,0.0,-6.38137149810791,0.0,0.0,0.0999999940395355,0.9067617654800416,0.0,-4.850533059652662e-06,50.0,83.7619400024414,3.2426278591156006,0.0,28.09892463684082,0.0,50.0,50.0,292.2567443847656,1571.2364501953125,68.9306411743164,0.0,74.50361633300781,Reactor Scram,296.4869689941406
0.0,1.0441179275512695,0.0,67.81834411621094,0.0,0.0,0.0,0.0,300.69110107421875,292.524658203125,15.356348991394045,1.387209177017212,0.0005514207296073,1.0430771112442017,0.0,291656.5,14.431589126586914,330.3832702636719,0.0,1.043424129486084,7.924896240234375,37.85844802856445,5.154753125680145e-06,265.1937561035156,1755.9251708984375,0.0,0.0,14.028197288513184,1.034000039100647,1.7605009078979492,291.9832763671875,83.68196105957031,0.0,50.0,1.6888412237167358,0.0,134.88275146484375,0.0,0.0,1310.5,0.0,300.68975830078125,37.85861587524414,60.94577407836914,0.7689290642738342,1296.3988037109375,300.69110107421875,266.3417053222656,2846382.25,1227.330078125,17244.462890625,0.0439999997615814,0.0,2658.403076171875,2480.0,1.762267827987671,-2.708757162094116,292.5248413085937,0.0278292372822761,0.0,1,470.8757019042969,0.0,32.4544563293457,0.0,34454.546875,51.01765441894531,74.50152587890625,-6.149999618530273,129.3214874267578,0.0010999999940395,0.0,0.0,0.0,71.84561157226562,0.0,291.983154296875,0.0,-6.400986671447754,0.0,0.0,0.0999999940395355,0.9067617654800416,0.0,-4.729200554720592e-06,50.0,83.68196105957031,3.375362634658813,0.0,28.043636322021484,0.0,50.0,50.0,292.2513122558594,1571.004150390625,68.8014907836914,0.0,74.5025634765625,Reactor Scram,296.47137451171875
0.0,1.0441179275512695,0.0,67.8790054321289,0.0,0.0,0.0,0.0,300.665283203125,292.51873779296875,15.356195449829102,1.3915315866470337,0.0005548473563976,1.0430771112442017,0.0,293963.5625,14.42188835144043,330.4422912597656,0.0,1.043424129486084,7.924896240234375,37.92338180541992,5.154753125680145e-06,267.45703125,1755.9276123046875,0.0,0.0,14.000131607055664,1.034000039100647,1.7562661170959473,291.9784851074219,83.60283660888672,0.0,50.0,1.6892492771148682,0.0,135.21310424804688,0.0,0.0,1310.5,0.0,300.6640014648437,37.92354965209961,60.83088684082031,0.768969714641571,1296.3638916015625,300.665283203125,266.3938903808594,2869577.25,1235.1087646484375,17244.462890625,0.0439999997615814,0.0,2658.1494140625,2490.0,1.7580124139785769,-2.728774070739746,292.5188903808594,0.0282073989510536,0.0,1,472.8774108886719,0.0,32.3807487487793,0.0,34454.546875,50.89445877075195,74.50051879882812,-6.149999618530273,129.4185333251953,0.0010999999940395,0.0,0.0,0.0,71.8430404663086,0.0,291.97833251953125,0.0,-6.420554637908936,0.0,0.0,0.0999999940395355,0.9067617654800416,0.0,5.954066750746279e-07,50.0,83.60283660888672,3.506671190261841,0.0,27.987504959106445,0.0,50.0,50.0,292.24591064453125,1570.7718505859375,68.65460968017578,0.0,74.50155639648438,Reactor Scram,296.4557189941406
0.0,1.0441179275512695,0.0,67.93891906738281,0.0,0.0,0.0,0.0,300.6396789550781,292.5127868652344,15.356074333190918,1.3957375288009644,0.0005582400481216,1.0430771112442017,0.0,296268.25,14.412211418151855,330.50067138671875,0.0,1.043424129486084,7.924896240234375,37.98773956298828,5.154753125680145e-06,269.7348327636719,1755.9300537109375,0.0,0.0,13.971430778503418,1.034000039100647,1.7520772218704224,291.9735717773437,83.52452087402344,0.0,50.0,1.6896575689315796,0.0,135.54173278808594,0.0,0.0,1310.5,0.0,300.6383972167969,37.98787689208984,60.71623611450195,0.769010066986084,1296.329345703125,300.6396789550781,266.4455261230469,2892769.75,1242.8101806640625,17244.462890625,0.0439999997615814,0.0,2657.89794921875,2500.0,1.753799557685852,-2.7487456798553467,292.512939453125,0.0285853408277034,0.0,1,474.8745727539063,0.0,32.304473876953125,0.0,34454.546875,50.772499084472656,74.49964141845703,-6.149999618530273,129.5145721435547,0.0010999999940395,0.0,0.0,0.0,71.84082794189453,0.0,291.97344970703125,0.0,-6.440078258514404,0.0,0.0,0.0999999940395355,0.9067617654800416,0.0,1.1173816574228113e-06,50.0,83.52452087402344,3.636556386947632,0.0,27.93052864074707,0.0,50.0,50.0,292.240478515625,1570.53955078125,68.50231170654297,0.0,74.50066375732422,Reactor Scram,296.44024658203125
0.0,1.0441179275512695,0.0,67.99812316894531,0.0,0.0,0.0,0.0,300.61444091796875,292.5069580078125,15.355989456176758,1.3998626470565796,0.0005616125417873,1.0430771112442017,0.0,298570.8125,14.402558326721191,330.5584716796875,0.0,1.043424129486084,7.924896240234375,38.05135345458984,5.154753125680145e-06,272.02716064453125,1755.9324951171875,0.0,0.0,13.943364143371582,1.034000039100647,1.7479331493377686,291.9687194824219,83.44700622558594,0.0,50.0,1.6900527477264404,0.0,135.86915588378906,0.0,0.0,1310.5,0.0,300.6131591796875,38.05152130126953,60.60197448730469,0.7690498232841492,1296.2957763671875,300.61444091796875,266.49664306640625,2915960.25,1250.4659423828125,17244.462890625,0.0439999997615814,0.0,2657.648681640625,2510.0,1.749622106552124,-2.76867151260376,292.50714111328125,0.0289637167006731,0.0,1,476.8671569824219,0.0,32.22071075439453,0.0,34454.546875,50.65156173706055,74.4988784790039,-6.149999618530273,129.60963439941406,0.0010999999940395,0.0,0.0,0.0,71.83895111083984,0.0,291.96856689453125,0.0,-6.459568977355957,0.0,0.0,0.0999999940395355,0.9067617654800416,0.0,-1.5820395447008195e-06,50.0,83.44700622558594,3.7650983333587646,0.0,27.873973846435547,0.0,50.0,50.0,292.2352294921875,1570.3072509765625,68.35227966308594,0.0,74.49987030029297,Reactor Scram,296.42498779296875
0.0,1.0441179275512695,0.0,68.05653381347656,0.0,0.0,0.0,0.0,300.5893249511719,292.50103759765625,15.35594081878662,1.4043296575546265,0.0005651311366818,1.0430771112442017,0.0,300871.21875,14.392931938171388,330.61572265625,0.0,1.043424129486084,7.924896240234375,38.11455535888672,5.154753125680145e-06,274.333984375,1755.9349365234375,0.0,0.0,13.91234302520752,1.034000039100647,1.7438331842422483,291.9639892578125,83.3702392578125,0.0,50.0,1.6904608011245728,0.0,136.19259643554688,0.0,0.0,1310.5,0.0,300.58807373046875,38.11469268798828,60.48788070678711,0.7690893411636353,1296.260986328125,300.5893249511719,266.54718017578125,2939147.75,1258.4532470703125,17244.462890625,0.0439999997615814,0.0,2657.4013671875,2520.0,1.7455153465270996,-2.7885522842407227,292.50115966796875,0.029351245611906,0.0,1,478.855224609375,0.0,32.156959533691406,0.0,34454.546875,50.53266906738281,74.49834442138672,-6.149999618530273,129.7037811279297,0.0010999999940395,0.0,0.0,0.0,71.83771514892578,0.0,291.9638061523437,0.0,-6.479001522064209,0.0,0.0,0.0999999940395355,0.9067617654800416,0.0,3.32559443450009e-06,50.0,83.3702392578125,3.89229965209961,0.0,27.812355041503903,0.0,50.0,50.0,292.22979736328125,1570.074951171875,68.20730590820312,0.0,74.49935150146484,Reactor Scram,296.40972900390625
0.0,1.0441179275512695,0.0,68.1144027709961,0.0,0.0,0.0,0.0,300.564453125,292.4950561523437,15.355923652648926,1.408424735069275,0.0005685143405571,1.0430771112442017,0.0,303169.40625,14.383325576782228,330.67242431640625,0.0,1.043424129486084,7.924896240234375,38.17721939086914,5.154753125680145e-06,276.6552429199219,1755.9373779296875,0.0,0.0,13.88195514678955,1.034000039100647,1.739776611328125,291.9591064453125,83.2942123413086,0.0,50.0,1.690868854522705,0.0,136.51419067382812,0.0,0.0,1310.5,0.0,300.563232421875,38.1773567199707,60.37410736083984,0.7691285014152527,1296.2266845703125,300.564453125,266.5972595214844,2962332.5,1266.1334228515625,17244.462890625,0.0439999997615814,0.0,2657.156005859375,2530.0,1.7414511442184448,-2.808387756347656,292.49517822265625,0.0297331269830465,0.0,1,480.8387756347656,0.0,32.10791778564453,0.0,34454.546875,50.41501235961914,74.49776458740234,-6.149999618530273,129.79702758789062,0.0010999999940395,0.0,0.0,0.0,71.83665466308594,0.0,291.9589538574219,0.0,-6.498390197753906,0.0,0.0,0.0999999940395355,0.9067617654800416,0.0,2.201919187427848e-06,50.0,83.2942123413086,4.018278121948242,0.0,27.75200462341309,0.0,50.0,50.0,292.224365234375,1569.8426513671875,68.02153778076172,0.0,74.49874877929688,Reactor Scram,296.39453125
0.0,1.0441179275512695,0.0,68.17163848876953,0.0,0.0,0.0,0.0,300.539794921875,292.489013671875,15.355938911437988,1.4124674797058103,0.0005718877655453,1.0434284210205078,0.0,305465.34375,14.37374210357666,330.7286071777344,0.0,1.0436582565307615,7.924896240234375,38.23950958251953,5.154753125680145e-06,278.99102783203125,1755.9398193359375,0.0,0.0,13.85135555267334,1.034000039100647,1.7357622385025024,291.95428466796875,83.21886444091797,0.0,50.0,1.6912766695022583,0.0,136.8572540283203,0.0,0.0,1310.5,0.0,300.53857421875,38.23957824707031,60.26054382324219,0.769167423248291,1296.19189453125,300.539794921875,266.6468811035156,2985514.75,1273.791015625,17244.462890625,0.0439999997615814,0.0,2656.91259765625,2540.0,1.7374365329742432,-2.828178644180298,292.48907470703125,0.0301158968359231,0.0,1,482.81787109375,0.0,31.999774932861328,0.0,34466.1484375,50.29878616333008,74.49723815917969,-6.149999618530273,129.88943481445312,0.0010999999940395,0.0,0.0,0.0,71.83601379394531,0.0,291.9542236328125,0.0,-6.517734050750732,0.0,0.0,0.0999999940395355,0.9067617654800416,0.0,-2.556958861532621e-06,50.0,83.21886444091797,4.143049716949463,0.0,27.690698623657227,0.0,50.0,50.0,292.21893310546875,1569.6103515625,67.89186096191406,0.0,74.49822998046875,Reactor Scram,296.3795166015625
0.0,1.0441179275512695,0.0,68.22830963134766,0.0,0.0,0.0,0.0,300.51531982421875,292.48297119140625,15.35598373413086,1.4163625240325928,0.000575212878175,1.0434284210205078,0.0,307759.1875,14.364187240600586,330.78424072265625,0.0,1.0436582565307615,7.924896240234375,38.30118942260742,5.154753125680145e-06,281.34130859375,1755.9422607421875,0.0,0.0,13.82033348083496,1.034000039100647,1.731789469718933,291.949462890625,83.14419555664062,0.0,50.0,1.691684365272522,0.0,137.17514038085938,0.0,0.0,1310.5,0.0,300.5140991210937,38.3012580871582,60.1472053527832,0.7692059278488159,1296.15771484375,300.51531982421875,266.6960144042969,3008695.0,1281.339111328125,17244.462890625,0.0439999997615814,0.0,2656.6708984375,2550.0,1.733457326889038,-2.8479254245758057,292.4830627441406,0.0304974652826786,0.0,1,484.7925415039063,0.0,31.91741943359375,0.0,34466.1484375,50.183589935302734,74.49674224853516,-6.149999618530273,129.9810028076172,0.0010999999940395,0.0,0.0,0.0,71.8357162475586,0.0,291.94940185546875,0.0,-6.537034511566162,0.0,0.0,0.0999999940395355,0.9067617654800416,0.0,-4.0130585148290265e-06,50.0,83.14419555664062,4.266660690307617,0.0,27.6286563873291,0.0,50.0,50.0,292.2135009765625,1569.3790283203125,67.72669219970703,0.0,74.49772644042969,Reactor Scram,296.36456298828125
0.0,1.0441179275512695,0.0,68.28434753417969,0.0,0.0,0.0,0.0,300.49090576171875,292.4769592285156,15.356067657470703,1.4204370975494385,0.0005786197725683,1.0434284210205078,0.0,310050.78125,14.354660987854004,330.8394470214844,0.0,1.0436582565307615,7.924896240234375,38.3624267578125,5.154753125680145e-06,283.7059936523437,1755.9447021484375,0.0,0.0,13.78846836090088,1.034000039100647,1.7278578281402588,291.94464111328125,83.07018280029297,0.0,50.0,1.6920922994613647,0.0,137.49331665039062,0.0,0.0,1310.5,0.0,300.4896850585937,38.36249542236328,60.03425598144531,0.769244372844696,1296.123291015625,300.49090576171875,266.74468994140625,3031872.75,1289.072998046875,17244.462890625,0.0439999997615814,0.0,2656.430908203125,2560.0,1.7294923067092896,-2.867627620697021,292.4770202636719,0.0308847874402999,0.0,1,486.76275634765625,0.0,31.8337345123291,0.0,34466.1484375,50.06880187988281,74.49640655517578,-6.149999618530273,130.07177734375,0.0010999999940395,0.0,0.0,0.0,71.8359146118164,0.0,291.944580078125,0.0,-6.556290626525879,0.0,0.0,0.0999999940395355,0.9067617654800416,0.0,-5.091255388833815e-06,50.0,83.07018280029297,4.389161109924316,0.0,27.565349578857425,0.0,50.0,50.0,292.2080993652344,1569.14892578125,67.57621002197266,0.0,74.49739074707031,Reactor Scram,296.3496398925781
0.0,1.0441179275512695,0.0,68.33985137939453,0.0,0.0,0.0,0.0,300.466796875,292.470947265625,15.35618019104004,1.4244086742401123,0.0005819962825626,1.0434284210205078,0.0,312340.28125,14.345157623291016,330.8941345214844,0.0,1.0436582565307615,7.924896240234375,38.42315673828125,5.154753125680145e-06,286.0850830078125,1755.9471435546875,0.0,0.0,13.75660228729248,1.034000039100647,1.7239662408828735,291.9398498535156,82.9968032836914,0.0,50.0,1.692489743232727,0.0,137.80784606933594,0.0,0.0,1310.5,0.0,300.4656066894531,38.42319107055664,59.9216194152832,0.7692824006080627,1296.089599609375,300.466796875,266.79296875,3055047.25,1296.7374267578125,17244.462890625,0.0439999997615814,0.0,2656.193115234375,2570.0,1.7255909442901611,-2.8872857093811035,292.4709777832031,0.0312718115746974,0.0,1,488.72857666015625,0.0,31.759565353393555,0.0,34466.1484375,49.95585632324219,74.49608612060547,-6.149999618530273,130.1617889404297,0.0010999999940395,0.0,0.0,0.0,71.8364028930664,0.0,291.9398193359375,0.0,-6.5755133628845215,0.0,0.0,0.0999999940395355,0.9067617654800416,0.0,-3.1451022550754715e-06,50.0,82.9968032836914,4.510568618774414,0.0,27.50162124633789,0.0,50.0,50.0,292.2027893066406,1568.9188232421875,67.40975952148438,0.0,74.49705505371094,Reactor Scram,296.3348388671875
0.0,1.0441179275512695,0.0,68.39476013183594,0.0,0.0,0.0,0.0,300.4431457519531,292.46533203125,15.356328964233398,1.42849862575531,0.0005854302435182,1.0434284210205078,0.0,314627.59375,14.33568000793457,330.9483947753906,0.0,1.0436582565307615,7.924896240234375,38.48300552368164,5.154753125680145e-06,288.4786376953125,1755.9495849609375,0.0,0.0,13.727479934692385,1.034000039100647,1.7201141119003296,291.9351501464844,82.92406463623047,0.0,50.0,1.6928666830062866,0.0,138.12490844726562,0.0,0.0,1310.5,0.0,300.4420166015625,38.48307418823242,59.80937576293945,0.7693195939064026,1296.0576171875,300.4431457519531,266.8407592773437,3078219.75,1304.532958984375,17244.462890625,0.0439999997615814,0.0,2655.95654296875,2580.0,1.7216753959655762,-2.90690016746521,292.46539306640625,0.0316633321344852,0.0,1,490.6900329589844,0.0,31.682676315307617,0.0,34466.1484375,49.84250259399414,74.4958724975586,-6.149999618530273,130.25099182128906,0.0010999999940395,0.0,0.0,0.0,71.83731079101562,0.0,291.93511962890625,0.0,-6.5947136878967285,0.0,0.0,0.0999999940395355,0.9067617654800416,0.0,1.825399976951303e-06,50.0,82.92406463623047,4.63088321685791,0.0,27.44337654113769,0.0,50.0,50.0,292.1977844238281,1568.6888427734375,67.25498962402344,0.0,74.49683380126953,Reactor Scram,296.32061767578125
0.0,1.0441179275512695,0.0,68.44911193847656,0.0,0.0,0.0,0.0,300.419921875,292.4598388671875,15.356510162353516,1.4326441287994385,0.0005888971500098,1.0434284210205078,0.0,316912.71875,14.32622528076172,331.00213623046875,0.0,1.0436582565307615,7.924896240234375,38.54224395751953,5.154753125680145e-06,290.8865966796875,1755.9520263671875,0.0,0.0,13.697726249694824,1.034000039100647,1.7163004875183103,291.9308166503906,82.8519515991211,0.0,50.0,1.6932361125946045,0.0,138.43594360351562,0.0,0.0,1310.5,0.0,300.41876220703125,38.54231262207031,59.6972885131836,0.7693561315536499,1296.0262451171875,300.419921875,266.8881530761719,3101389.75,1312.4029541015625,17244.462890625,0.0439999997615814,0.0,2655.72216796875,2590.0,1.717851996421814,-2.926471710205078,292.4598999023437,0.0320580154657363,0.0,1,492.6471557617188,0.0,31.607322692871094,0.0,34466.1484375,49.731815338134766,74.49571228027344,-6.149999618530273,130.3394317626953,0.0010999999940395,0.0,0.0,0.0,71.83868408203125,0.0,291.9307556152344,0.0,-6.6138787269592285,0.0,0.0,0.0999999940395355,0.9067617654800416,0.0,-4.548715423879912e-06,50.0,82.8519515991211,4.750078678131104,0.0,27.383867263793945,0.0,50.0,50.0,292.19287109375,1568.458740234375,67.10321807861328,0.0,74.49666595458984,Reactor Scram,296.3065185546875
0.0,1.0441179275512695,0.0,68.5029525756836,0.0,0.0,0.0,0.0,300.3970031738281,292.45440673828125,15.35672378540039,1.4369606971740725,0.0005924436845816,1.0434284210205078,0.0,319195.59375,14.31679630279541,331.0555114746094,0.0,1.0436582565307615,7.924896240234375,38.60103988647461,5.154753125680145e-06,293.3089904785156,1755.9544677734375,0.0,0.0,13.668814659118652,1.034000039100647,1.7125251293182373,291.9266357421875,82.7803955078125,0.0,50.0,1.6935901641845703,0.0,138.74664306640625,0.0,0.0,1310.5,0.0,300.3958740234375,38.60110855102539,59.58562088012695,0.7693922519683838,1295.9957275390625,300.3970031738281,266.9350891113281,3124557.0,1320.45361328125,17244.462890625,0.0439999997615814,0.0,2655.48876953125,2600.0,1.7140496969223022,-2.945999383926392,292.4544677734375,0.0324584729969501,0.0,1,494.5999450683594,0.0,31.536142349243164,0.0,34466.1484375,49.62173843383789,74.49566650390625,-6.149999618530273,130.4272003173828,0.0010999999940395,0.0,0.0,0.0,71.84043884277344,0.0,291.92657470703125,0.0,-6.633017063140869,0.0,0.0,0.0999999940395355,0.9067617654800416,0.0,1.392169792779896e-06,50.0,82.7803955078125,4.868173599243164,0.0,27.326047897338867,0.0,50.0,50.0,292.1881408691406,1568.2286376953125,66.95964813232422,0.0,74.4966049194336,Reactor Scram,296.292724609375
0.0,1.0441179275512695,0.0,68.55630493164062,0.0,0.0,0.0,0.0,300.3744506835937,292.4491577148437,15.356966018676758,1.441409468650818,0.0005960545386187,1.0434284210205078,0.0,321476.40625,14.307387351989746,331.1084899902344,0.0,1.0436582565307615,7.924896240234375,38.65929412841797,5.154753125680145e-06,295.74578857421875,1755.9569091796875,0.0,0.0,13.639270782470703,1.034000039100647,1.708786964416504,291.9225769042969,82.70935821533203,0.0,50.0,1.6939365863800049,0.0,139.05178833007812,0.0,0.0,1310.5,0.0,300.373291015625,38.65932846069336,59.47421646118164,0.7694277763366699,1295.9658203125,300.3744506835937,266.9815979003906,3147722.0,1328.6507568359375,17244.462890625,0.0439999997615814,0.0,2655.257080078125,2610.0,1.7103325128555298,-2.965484619140625,292.4491882324219,0.0328639224171638,0.0,1,496.5484619140625,0.0,31.46233940124512,0.0,34466.1484375,49.51412582397461,74.49566650390625,-6.149999618530273,130.5143280029297,0.0010999999940395,0.0,0.0,0.0,71.84257507324219,0.0,291.9225158691406,0.0,-6.652120113372803,0.0,0.0,0.0999999940395355,0.9067617654800416,0.0,6.539516306247607e-08,50.0,82.70935821533203,4.98517656326294,0.0,27.26696014404297,0.0,50.0,50.0,292.1835327148437,1567.99853515625,66.82823181152344,0.0,74.4966049194336,Reactor Scram,296.279052734375
0.0,1.0441179275512695,0.0,68.6092529296875,0.0,0.0,0.0,0.0,300.35211181640625,292.4440612792969,15.357236862182615,1.4458513259887695,0.0005996736581437,1.0434284210205078,0.0,323755.0,14.29800033569336,331.1610717773437,0.0,1.0436582565307615,7.924896240234375,38.716941833496094,5.154753125680145e-06,298.1969909667969,1755.9593505859375,0.0,0.0,13.612258911132812,1.034000039100647,1.7050857543945312,291.9185485839844,82.63883209228516,0.0,50.0,1.6942598819732666,0.0,139.3616943359375,0.0,0.0,1310.5,0.0,300.3510131835937,38.71700668334961,59.363014221191406,0.7694630026817322,1295.9378662109375,300.35211181640625,267.0276794433594,3170884.25,1336.8660888671875,17244.462890625,0.0439999997615814,0.0,2655.02685546875,2620.0,1.7065727710723877,-2.98492693901062,292.4441223144531,0.0332712419331073,0.0,1,498.4927062988281,0.0,31.38853645324707,0.0,34466.1484375,49.40528106689453,74.49567413330078,-6.149999618530273,130.600830078125,0.0010999999940395,0.0,0.0,0.0,71.84507751464844,0.0,291.9184875488281,0.0,-6.67120361328125,0.0,0.0,0.0999999940395355,0.9067617654800416,0.0,8.331374488079746e-07,50.0,82.63883209228516,5.101080417633057,0.0,27.21293830871582,0.0,50.0,50.0,292.1792297363281,1567.7684326171875,66.69682312011719,0.0,74.4966049194336,Reactor Scram,296.2657470703125
0.0,1.0441179275512695,0.0,68.66177368164062,0.0,0.0,0.0,0.0,300.3297424316406,292.43878173828125,15.357536315917969,1.450294017791748,0.0006033038953319,1.0434284210205078,0.0,326031.53125,14.288636207580566,331.2132568359375,0.0,1.0436582565307615,7.924896240234375,38.7744140625,5.154753125680145e-06,300.6625061035156,1755.9617919921875,0.0,0.0,13.580392837524414,1.034000039100647,1.7014203071594238,291.9142761230469,82.56880950927734,0.0,50.0,1.6946544647216797,0.0,139.66075134277344,0.0,0.0,1310.5,0.0,300.3285827636719,38.77448272705078,59.25213623046875,0.7694982290267944,1295.9044189453125,300.3297424316406,267.0733337402344,3194044.75,1345.1070556640625,17244.462890625,0.0439999997615814,0.0,2654.797607421875,2630.0,1.7029616832733154,-3.0043272972106934,292.4388427734375,0.0336805917322635,0.0,1,500.4327087402344,0.0,31.32078742980957,0.0,34466.1484375,49.30073928833008,74.49567413330078,-6.149999618530273,130.6867218017578,0.0010999999940395,0.0,0.0,0.0,71.8478775024414,0.0,291.91424560546875,0.0,-6.690174579620361,0.0,0.0,0.0999999940395355,0.9067617654800416,0.0,-8.030410185710934e-07,50.0,82.56880950927734,5.215924739837647,0.0,27.149629592895508,0.0,50.0,50.0,292.1739807128906,1567.5384521484375,66.55984497070312,0.0,74.4966049194336,Reactor Scram,296.2519836425781
0.0,1.0441179275512695,0.0,68.71399688720703,0.0,0.0,0.0,0.0,300.3069152832031,292.43267822265625,15.35786247253418,1.4546492099761963,0.0006069091032259,1.0434284210205078,0.0,328305.8125,14.279290199279783,331.26519775390625,0.0,1.0436582565307615,7.924896240234375,38.83246612548828,5.154753125680145e-06,303.1424865722656,1755.9642333984375,0.0,0.0,13.546839714050291,1.034000039100647,1.697790503501892,291.9095153808594,82.49915313720703,0.0,50.0,1.6950618028640747,0.0,139.9628143310547,0.0,0.0,1310.5,0.0,300.3057556152344,38.83253479003906,59.14151763916016,0.769534170627594,1295.870361328125,300.3069152832031,267.11865234375,3217202.0,1353.290771484375,17244.462890625,0.0439999997615814,0.0,2654.5693359375,2640.0,1.6993293762207031,-3.023684501647949,292.4327392578125,0.0340898968279361,0.0,1,502.3684692382813,0.0,31.25128555297852,0.0,34466.1484375,49.195587158203125,74.49565124511719,-6.149999618530273,130.7721710205078,0.0010999999940395,0.0,0.0,0.0,71.85095977783203,0.0,291.90948486328125,0.0,-6.709088802337647,0.0,0.0,0.0999999940395355,0.9067617654800416,0.0,-3.7472361782420194e-06,50.0,82.49915313720703,5.329925537109375,0.0,27.0825252532959,0.0,50.0,50.0,292.1685485839844,1567.308349609375,66.41921997070312,0.0,74.49656677246094,Reactor Scram,296.23785400390625
0.0,1.0441179275512695,0.0,68.76595306396484,0.0,0.0,0.0,0.0,300.2842712402344,292.4266052246094,15.3582181930542,1.4587968587875366,0.0006104395724833,1.0434284210205078,0.0,330577.9375,14.269963264465332,331.3168640136719,0.0,1.0436582565307615,7.924896240234375,38.89021301269531,5.154753125680145e-06,305.6368103027344,1755.9666748046875,0.0,0.0,13.513707160949709,1.034000039100647,1.6941955089569092,291.90478515625,82.42986297607422,0.0,50.0,1.6954690217971802,0.0,140.2632293701172,0.0,0.0,1310.5,0.0,300.2831420898437,38.890281677246094,59.03096771240234,0.7695698142051697,1295.8363037109375,300.2842712402344,267.1636047363281,3240357.0,1361.30517578125,17244.462890625,0.0439999997615814,0.0,2654.342041015625,2650.0,1.6957324743270874,-3.0430004596710205,292.4266662597656,0.0344962701201438,0.0,1,504.300048828125,0.0,31.183290481567383,0.0,34466.1484375,49.091453552246094,74.49554443359375,-6.149999618530273,130.857177734375,0.0010999999940395,0.0,0.0,0.0,71.8543930053711,0.0,291.9047546386719,0.0,-6.727961540222168,0.0,0.0,0.0999999940395355,0.9067617654800416,0.0,3.866124188789399e-06,50.0,82.42986297607422,5.443092346191406,0.0,27.01626205444336,0.0,50.0,50.0,292.1631164550781,1567.0782470703125,66.2637710571289,0.0,74.4964599609375,Reactor Scram,296.22381591796875
0.0,1.0441179275512695,0.0,68.81758880615234,0.0,0.0,0.0,0.0,300.26190185546875,292.4208984375,15.35860538482666,1.4629395008087158,0.0006139775505289,1.0434284210205078,0.0,332848.0,14.260661125183104,331.3682556152344,0.0,1.0436582565307615,7.924896240234375,38.94728088378906,5.154753125680145e-06,308.1455078125,1755.9691162109375,0.0,0.0,13.48268699645996,1.034000039100647,1.6906347274780271,291.9003295898437,82.3609390258789,0.0,50.0,1.6958457231521606,0.0,140.56607055664062,0.0,0.0,1310.5,0.0,300.2608337402344,38.94734954833984,58.920745849609375,0.7696050405502319,1295.8045654296875,300.26190185546875,267.2082824707031,3263509.5,1369.336669921875,17244.462890625,0.0439999997615814,0.0,2654.11572265625,2660.0,1.692121505737305,-3.06227445602417,292.42095947265625,0.0349043682217597,0.0,1,506.2274475097656,0.0,31.10369300842285,0.0,34466.1484375,48.98691940307617,74.49546813964844,-6.149999618530273,130.94171142578125,0.0010999999940395,0.0,0.0,0.0,71.85816955566406,0.0,291.9002685546875,0.0,-6.746823310852051,0.0,0.0,0.0999999940395355,0.9067617654800416,0.0,1.309969547946821e-06,50.0,82.3609390258789,5.555426120758057,0.0,26.954221725463867,0.0,50.0,50.0,292.1581115722656,1566.8487548828125,66.1202163696289,0.0,74.49638366699219,Reactor Scram,296.21014404296875
0.0,1.0441179275512695,0.0,68.8687973022461,0.0,0.0,0.0,0.0,300.2402038574219,292.4154663085937,15.35902214050293,1.4672588109970093,0.000617598707322,1.0434284210205078,0.0,335115.8125,14.251382827758787,331.4193420410156,0.0,1.0436582565307615,7.924896240234375,39.00380706787109,5.154753125680145e-06,310.6685485839844,1755.9715576171875,0.0,0.0,13.453142166137695,1.034000039100647,1.687107801437378,291.89617919921875,82.29244232177734,0.0,50.0,1.6962019205093384,0.0,140.86427307128906,0.0,0.0,1310.5,0.0,300.2391357421875,39.00387191772461,58.810813903808594,0.7696391940116882,1295.774169921875,300.2402038574219,267.2525329589844,3286659.5,1377.5565185546875,17244.462890625,0.0439999997615814,0.0,2653.89013671875,2670.0,1.6885812282562256,-3.0815062522888184,292.41552734375,0.0353185422718524,0.0,1,508.150634765625,0.0,31.028207778930664,0.0,34466.1484375,48.88442611694336,74.49546813964844,-6.149999618530273,131.02574157714844,0.0010999999940395,0.0,0.0,0.0,71.86235809326172,0.0,291.8960876464844,0.0,-6.765664577484131,0.0,0.0,0.0999999940395355,0.9067617654800416,0.0,-4.651463768823305e-06,50.0,82.29244232177734,5.666693687438965,0.0,26.89513397216797,0.0,50.0,50.0,292.1533508300781,1566.620849609375,65.98494720458984,0.0,74.49638366699219,Reactor Scram,296.1968994140625
0.0,1.0441179275512695,0.0,68.91966247558594,0.0,0.0,0.0,0.0,300.2186279296875,292.4100341796875,15.359467506408691,1.4715770483016968,0.0006212293519638,1.0434284210205078,0.0,337381.53125,14.24212646484375,331.4700622558594,0.0,1.0436582565307615,7.924896240234375,39.05995941162109,5.154753125680145e-06,313.2059936523437,1755.9739990234375,0.0,0.0,13.42359733581543,1.034000039100647,1.683613896369934,291.8919982910156,82.22437286376953,0.0,50.0,1.696558117866516,0.0,141.1619415283203,0.0,0.0,1310.5,0.0,300.217529296875,39.06002426147461,58.70118713378906,0.7696732878684998,1295.743896484375,300.2186279296875,267.2962341308594,3309807.0,1385.7984619140625,17244.462890625,0.0439999997615814,0.0,2653.666259765625,2680.0,1.685062289237976,-3.1006968021392822,292.4101257324219,0.0357345752418041,0.0,1,510.0696716308594,0.0,30.958789825439453,0.0,34466.1484375,48.78255462646485,74.4954833984375,-6.149999618530273,131.10922241210938,0.0010999999940395,0.0,0.0,0.0,71.86686706542969,0.0,291.8919372558594,0.0,-6.784465312957764,0.0,0.0,0.0999999940395355,0.9067617654800416,0.0,-1.674945337981626e-06,50.0,82.22437286376953,5.776699066162109,0.0,26.836048126220703,0.0,50.0,50.0,292.14862060546875,1566.39306640625,65.8440933227539,0.0,74.49638366699219,Reactor Scram,296.1837463378906
0.0,1.0441179275512695,0.0,68.97016143798828,0.0,0.0,0.0,0.0,300.1972961425781,292.4046630859375,15.359940528869627,1.4758883714675903,0.0006248670979402,1.0434284210205078,0.0,339645.09375,14.232890129089355,331.5205078125,0.0,1.0436582565307615,7.924896240234375,39.11577224731445,5.154753125680145e-06,315.7577819824219,1755.9764404296875,0.0,0.0,13.393842697143556,1.034000039100647,1.6801522970199585,291.8878173828125,82.15674591064453,0.0,50.0,1.6969141960144043,0.0,141.45606994628906,0.0,0.0,1310.5,0.0,300.1961975097656,39.11583709716797,58.591796875,0.7697067856788635,1295.7135009765625,300.1972961425781,267.339599609375,3332952.25,1394.05615234375,17244.462890625,0.0439999997615814,0.0,2653.44287109375,2690.0,1.6815998554229736,-3.1198463439941406,292.4047241210937,0.0361523330211639,0.0,1,511.9846496582031,0.0,30.88948440551757,0.0,34466.1484375,48.682315826416016,74.49549102783203,-6.149999618530273,131.19216918945312,0.0010999999940395,0.0,0.0,0.0,71.87169647216797,0.0,291.88775634765625,0.0,-6.803225040435791,0.0,0.0,0.0999999940395355,0.9067617654800416,0.0,1.702496774669271e-06,50.0,82.15674591064453,5.885802745819092,0.0,26.776960372924805,0.0,50.0,50.0,292.14385986328125,1566.1651611328125,65.70323181152344,0.0,74.49638366699219,Reactor Scram,296.1706848144531
0.0,1.0441179275512695,0.0,69.02030944824219,0.0,0.0,0.0,0.0,300.17608642578125,292.3993225097656,15.36044216156006,1.480191946029663,0.0006285115960054,1.0434284210205078,0.0,341906.59375,14.223675727844238,331.5706481933594,0.0,1.0436582565307615,7.924896240234375,39.17124557495117,5.154753125680145e-06,318.323974609375,1755.9788818359375,0.0,0.0,13.364298820495604,1.034000039100647,1.6767230033874512,291.8836669921875,82.08952331542969,0.0,50.0,1.697270393371582,0.0,141.74899291992188,0.0,0.0,1310.5,0.0,300.175048828125,39.17131423950195,58.482666015625,0.7697402238845825,1295.6832275390625,300.17608642578125,267.38262939453125,3356094.75,1402.3294677734375,17244.462890625,0.0439999997615814,0.0,2653.220947265625,2700.0,1.6781657934188845,-3.138954401016236,292.3994140625,0.0365717597305774,0.0,1,513.8954467773438,0.0,30.820253372192383,0.0,34466.1484375,48.58290100097656,74.49549865722656,-6.149999618530273,131.27462768554688,0.0010999999940395,0.0,0.0,0.0,71.8768539428711,0.0,291.8835754394531,0.0,-6.821943759918213,0.0,0.0,0.0999999940395355,0.9067617654800416,0.0,-2.6653794975572964e-06,50.0,82.08952331542969,5.994019985198975,0.0,26.71787452697754,0.0,50.0,50.0,292.1391296386719,1565.9373779296875,65.56236267089844,0.0,74.49638366699219,Reactor Scram,296.15771484375
0.0,1.0441179275512695,0.0,69.07013702392578,0.0,0.0,0.0,0.0,300.155029296875,292.3940124511719,15.360970497131348,1.484487771987915,0.0006321626715362,1.0437796115875244,0.0,344165.8125,14.214479446411133,331.6204528808594,0.0,1.043892502784729,7.924896240234375,39.22644805908203,5.154753125680145e-06,320.9044494628906,1755.9813232421875,0.0,0.0,13.33475399017334,1.034000039100647,1.6733251810073853,291.8794860839844,82.02271270751953,0.0,50.0,1.6976263523101809,0.0,142.06581115722656,0.0,0.0,1310.5,0.0,300.15399169921875,39.22644805908203,58.373756408691406,0.7697734236717224,1295.653076171875,300.155029296875,267.42529296875,3379235.0,1410.617431640625,17244.462890625,0.0439999997615814,0.0,2653.0,2710.0,1.674760103225708,-3.158021688461304,292.3940124511719,0.0369928404688835,0.0,1,515.8021850585938,0.0,30.7510986328125,0.0,34477.75,48.48430633544922,74.4955062866211,-6.149999618530273,131.35659790039062,0.0010999999940395,0.0,0.0,0.0,71.8823471069336,0.0,291.8794860839844,0.0,-6.840621471405029,0.0,0.0,0.0999999940395355,0.9067617654800416,0.0,-4.200463081360795e-06,50.0,82.02271270751953,6.101351737976074,0.0,26.659088134765625,0.0,50.0,50.0,292.1343688964844,1565.70947265625,65.42149353027344,0.0,74.49638366699219,Reactor Scram,296.14483642578125
0.0,1.0441179275512695,0.0,69.11961364746094,0.0,0.0,0.0,0.0,300.1340026855469,292.388671875,15.361529350280762,1.4887982606887815,0.0006358296377584,1.0437796115875244,0.0,346423.03125,14.205304145812988,331.6699523925781,0.0,1.043892502784729,7.924896240234375,39.28131103515625,5.154753125680145e-06,323.49932861328125,1755.9837646484375,0.0,0.0,13.30521011352539,1.034000039100647,1.669958472251892,291.87530517578125,81.95628356933594,0.0,50.0,1.6979824304580688,0.0,142.35813903808594,0.0,0.0,1310.5,0.0,300.1329650878906,39.28127670288086,58.26509475708008,0.7698065042495728,1295.6226806640625,300.1340026855469,267.4676208496094,3402372.5,1418.941650390625,17244.462890625,0.0439999997615814,0.0,2652.7802734375,2720.0,1.6713615655899048,-3.1770482063293457,292.3886413574219,0.0374161340296268,0.0,1,517.704833984375,0.0,30.68251037597656,0.0,34477.75,48.38591766357422,74.49552917480469,-6.149999618530273,131.4380645751953,0.0010999999940395,0.0,0.0,0.0,71.88818359375,0.0,291.8753356933594,0.0,-6.859259605407715,0.0,0.0,0.0999999940395355,0.9067617654800416,0.0,-6.854600655969989e-07,50.0,81.95628356933594,6.207812786102295,0.0,26.60000228881836,0.0,50.0,50.0,292.129638671875,1565.4815673828125,65.28158569335938,0.0,74.49639129638672,Reactor Scram,296.1319274902344
0.0,1.0441179275512695,0.0,69.16873168945312,0.0,0.0,0.0,0.0,300.11334228515625,292.383544921875,15.362116813659668,1.4932574033737185,0.0006395688396878,1.0437796115875244,0.0,348678.03125,14.19615077972412,331.7192077636719,0.0,1.043892502784729,7.924896240234375,39.33570098876953,5.154753125680145e-06,326.10845947265625,1755.9862060546875,0.0,0.0,13.27629852294922,1.034000039100647,1.6666221618652344,291.8711853027344,81.89026641845703,0.0,50.0,1.6983230113983154,0.0,142.64862060546875,0.0,0.0,1310.5,0.0,300.1123046875,39.33566665649414,58.15666961669922,0.7698390483856201,1295.59375,300.11334228515625,267.50958251953125,3425508.0,1427.4298095703125,17244.462890625,0.0439999997615814,0.0,2652.561279296875,2730.0,1.6679983139038086,-3.196034669876098,292.38348388671875,0.0378450006246566,0.0,1,519.6034545898438,0.0,30.61735725402832,0.0,34477.75,48.288551330566406,74.49559783935547,-6.149999618530273,131.51905822753906,0.0010999999940395,0.0,0.0,0.0,71.89443969726562,0.0,291.8712158203125,0.0,-6.877872467041016,0.0,0.0,0.0999999940395355,0.9067617654800416,0.0,3.023563294846099e-06,50.0,81.89026641845703,6.313440322875977,0.0,26.542179107666016,0.0,50.0,50.0,292.1250915527344,1565.2537841796875,65.14836883544922,0.0,74.49646759033203,Reactor Scram,296.11932373046875
0.0,1.0441179275512695,0.0,69.2174301147461,0.0,0.0,0.0,0.0,300.09332275390625,292.3787841796875,15.36273193359375,1.4979336261749268,0.0006434097304008,1.0437796115875244,0.0,350931.03125,14.187019348144531,331.7680969238281,0.0,1.043892502784729,7.924896240234375,39.38934326171875,5.154753125680145e-06,328.7319641113281,1755.9886474609375,0.0,0.0,13.249920845031738,1.034000039100647,1.6633156538009644,291.867431640625,81.8246841430664,0.0,50.0,1.698628067970276,0.0,142.9372100830078,0.0,0.0,1310.5,0.0,300.0923156738281,39.38930892944336,58.04860305786133,0.7698705792427063,1295.5672607421875,300.09332275390625,267.5512084960937,3448640.75,1436.148681640625,17244.462890625,0.0439999997615814,0.0,2652.343505859375,2740.0,1.664670467376709,-3.214980363845825,292.3787536621094,0.0382812768220901,0.0,1,521.498046875,0.0,30.55701065063477,0.0,34477.75,48.19221115112305,74.4957504272461,-6.149999618530273,131.5994873046875,0.0010999999940395,0.0,0.0,0.0,71.9010238647461,0.0,291.86749267578125,0.0,-6.896481513977051,0.0,0.0,0.0999999940395355,0.9067617654800416,0.0,3.4857055197790032e-06,50.0,81.8246841430664,6.418141841888428,0.0,26.48984336853028,0.0,50.0,50.0,292.1210021972656,1565.02587890625,65.0246810913086,0.0,74.4966049194336,Reactor Scram,296.10723876953125
0.0,1.0441179275512695,0.0,69.26575469970703,0.0,0.0,0.0,0.0,300.07354736328125,292.37408447265625,15.36337184906006,1.5027012825012207,0.000647299690172,1.0437796115875244,0.0,353181.78125,14.177905082702637,331.816650390625,0.0,1.043892502784729,7.924896240234375,39.4426155090332,5.154753125680145e-06,331.3697509765625,1755.9910888671875,0.0,0.0,13.223752975463867,1.034000039100647,1.6600388288497925,291.8638916015625,81.75955963134766,0.0,50.0,1.6989331245422363,0.0,143.22265625,0.0,0.0,1310.5,0.0,300.07257080078125,39.44258117675781,57.94077301025391,0.769901692867279,1295.540771484375,300.07354736328125,267.59246826171875,3471771.0,1444.978759765625,17244.462890625,0.0439999997615814,0.0,2652.127197265625,2750.0,1.6613922119140625,-3.23388671875,292.3740234375,0.038721852004528,0.0,1,523.388671875,0.0,30.492843627929688,0.0,34477.75,48.09730529785156,74.49591827392578,-6.149999618530273,131.6793670654297,0.0010999999940395,0.0,0.0,0.0,71.90792083740234,0.0,291.8639221191406,0.0,-6.915051460266113,0.0,0.0,0.0999999940395355,0.9067617654800416,0.0,-3.003907238507964e-07,50.0,81.75955963134766,6.521910667419434,0.0,26.437509536743164,0.0,50.0,50.0,292.116943359375,1564.7979736328125,64.91094970703125,0.0,74.49676513671875,Reactor Scram,296.0953369140625
0.0,1.0441179275512695,0.0,69.31369018554688,0.0,0.0,0.0,0.0,300.0538635253906,292.3695068359375,15.364036560058594,1.5074468851089478,0.0006511908140964,1.0437796115875244,0.0,355430.46875,14.168807983398438,331.8648376464844,0.0,1.043892502784729,7.924896240234375,39.49537658691406,5.154753125680145e-06,334.0219421386719,1755.9935302734375,0.0,0.0,13.197585105895996,1.034000039100647,1.6567909717559814,291.8603210449219,81.6949234008789,0.0,50.0,1.6992381811141968,0.0,143.5079803466797,0.0,0.0,1310.5,0.0,300.0528564453125,39.49534225463867,57.833133697509766,0.769932746887207,1295.5142822265625,300.0538635253906,267.6333312988281,3494898.75,1453.8121337890625,17244.462890625,0.0439999997615814,0.0,2651.911865234375,2760.0,1.6581281423568726,-3.252752780914306,292.36944580078125,0.0391638502478599,0.0,1,525.2752685546875,0.0,30.43426513671875,0.0,34477.75,48.002811431884766,74.49605560302734,-6.149999618530273,131.75863647460938,0.0010999999940395,0.0,0.0,0.0,71.91511535644531,0.0,291.8603515625,0.0,-6.933581829071045,0.0,0.0,0.0999999940395355,0.9067617654800416,0.0,3.837209305856959e-07,50.0,81.6949234008789,6.624735355377197,0.0,26.385597229003903,0.0,50.0,50.0,292.1128845214844,1564.5701904296875,64.79055786132812,0.0,74.49689483642578,Reactor Scram,296.0834350585937
0.0,1.0441179275512695,0.0,69.36119842529297,0.0,0.0,0.0,0.0,300.0342102050781,292.36492919921875,15.364727973937988,1.5121926069259644,0.0006550922989845,1.0437796115875244,0.0,357677.0625,14.159728050231934,331.9126281738281,0.0,1.043892502784729,7.924896240234375,39.5477294921875,5.154753125680145e-06,336.6883544921875,1755.9959716796875,0.0,0.0,13.171839714050291,1.034000039100647,1.6535719633102417,291.85675048828125,81.630859375,0.0,50.0,1.6995431184768677,0.0,143.79318237304688,0.0,0.0,1310.5,0.0,300.03326416015625,39.54769515991211,57.725704193115234,0.7699636816978455,1295.488037109375,300.0342102050781,267.673828125,3518024.5,1462.6685791015625,17244.462890625,0.0439999997615814,0.0,2651.698486328125,2770.0,1.6548781394958496,-3.2715797424316406,292.3648681640625,0.0396078042685985,0.0,1,527.157958984375,0.0,30.369916915893555,0.0,34477.75,47.908721923828125,74.49616241455078,-6.149999618530273,131.83721923828125,0.0010999999940395,0.0,0.0,0.0,71.92261505126953,0.0,291.8568115234375,0.0,-6.952072620391846,0.0,0.0,0.0999999940395355,0.9067617654800416,0.0,-3.4665085877350066e-06,50.0,81.630859375,6.726625442504883,0.0,26.33368492126465,0.0,50.0,50.0,292.1087951660156,1564.34228515625,64.67623901367188,0.0,74.49699401855469,Reactor Scram,296.0716247558594
0.0,1.0441179275512695,0.0,69.40824127197266,0.0,0.0,0.0,0.0,300.014892578125,292.3602905273437,15.365440368652344,1.517005443572998,0.000659032841213,1.0437796115875244,0.0,359921.5,14.150668144226074,331.9599914550781,0.0,1.043892502784729,7.924896240234375,39.59967803955078,5.154753125680145e-06,339.3690795898437,1755.9984130859375,0.0,0.0,13.145671844482422,1.034000039100647,1.6503809690475464,291.8532409667969,81.56735229492188,0.0,50.0,1.699847936630249,0.0,144.0738983154297,0.0,0.0,1310.5,0.0,300.013916015625,39.59967803955078,57.61852264404297,0.7699940800666809,1295.46142578125,300.014892578125,267.7139587402344,3541147.25,1471.61376953125,17244.462890625,0.0439999997615814,0.0,2651.486572265625,2780.0,1.6516919136047363,-3.2903668880462646,292.3602905273437,0.0400554686784744,0.0,1,529.0366821289062,0.0,30.31302833557129,0.0,34477.75,47.81648254394531,74.49628448486328,-6.149999618530273,131.91510009765625,0.0010999999940395,0.0,0.0,0.0,71.93038940429688,0.0,291.8532409667969,0.0,-6.970524787902832,0.0,0.0,0.0999999940395355,0.9067617654800416,0.0,1.1589021369218244e-06,50.0,81.56735229492188,6.8275980949401855,0.0,26.28177261352539,0.0,50.0,50.0,292.104736328125,1564.114990234375,64.5589828491211,0.0,74.49711608886719,Reactor Scram,296.0599060058594
0.0,1.0441179275512695,0.0,69.45487976074219,0.0,0.0,0.0,0.0,299.99566650390625,292.35577392578125,15.36617946624756,1.52177095413208,0.0006629636045545,1.0437796115875244,0.0,362163.84375,14.141624450683594,332.0069274902344,0.0,1.043892502784729,7.924896240234375,39.65118408203125,5.154753125680145e-06,342.0640869140625,1756.0008544921875,0.0,0.0,13.11992645263672,1.034000039100647,1.6472175121307373,291.8496398925781,81.50437927246094,0.0,50.0,1.70015287399292,0.0,144.35382080078125,0.0,0.0,1310.5,0.0,299.99468994140625,39.65114974975586,57.51145935058594,0.7700243592262268,1295.43505859375,299.99566650390625,267.7537536621094,3564268.0,1480.5367431640625,17244.462890625,0.0439999997615814,0.0,2651.2763671875,2790.0,1.648526906967163,-3.309114456176758,292.355712890625,0.0405038632452487,0.0,1,530.9114379882812,0.0,30.255290985107425,0.0,34477.75,47.724853515625,74.49638366699219,-6.149999618530273,131.99234008789062,0.0010999999940395,0.0,0.0,0.0,71.9384994506836,0.0,291.84967041015625,0.0,-6.988936901092529,0.0,0.0,0.0999999940395355,0.9067617654800416,0.0,-1.4603267572965706e-06,50.0,81.50437927246094,6.927687644958496,0.0,26.2298583984375,0.0,50.0,50.0,292.1006774902344,1563.8892822265625,64.43994140625,0.0,74.49720001220703,Reactor Scram,296.0482482910156
0.0,1.0441179275512695,0.0,69.50108337402344,0.0,0.0,0.0,0.0,299.9765319824219,292.3511962890625,15.366941452026367,1.526560664176941,0.0006669149734079,1.0437796115875244,0.0,364404.09375,14.132596969604492,332.053466796875,0.0,1.043892502784729,7.924896240234375,39.70232009887695,5.154753125680145e-06,344.7733459472656,1756.0032958984375,0.0,0.0,13.093969345092772,1.034000039100647,1.6440815925598145,291.8460693359375,81.44194030761719,0.0,50.0,1.7004576921463013,0.0,144.63291931152344,0.0,0.0,1310.5,0.0,299.9755859375,39.70228576660156,57.40465927124024,0.7700545191764832,1295.408935546875,299.9765319824219,267.7931823730469,3587386.25,1489.50634765625,17244.462890625,0.0439999997615814,0.0,2651.0673828125,2800.0,1.6453832387924194,-3.3278234004974365,292.35113525390625,0.0409548245370388,0.0,1,532.7823486328125,0.0,30.19228172302246,0.0,34477.75,47.63384628295898,74.49646759033203,-6.149999618530273,132.06890869140625,0.0010999999940395,0.0,0.0,0.0,71.94683837890625,0.0,291.8461303710937,0.0,-7.00731086730957,0.0,0.0,0.0999999940395355,0.9067617654800416,0.0,-1.38981340569444e-06,50.0,81.44194030761719,7.026890754699707,0.0,26.178367614746094,0.0,50.0,50.0,292.0965881347656,1563.6636962890625,64.3279800415039,0.0,74.49728393554688,Reactor Scram,296.0366516113281
0.0,1.0441179275512695,0.0,69.54689025878906,0.0,0.0,0.0,0.0,299.9575500488281,292.3466186523437,15.367727279663086,1.531325340270996,0.0006708657019771,1.0437796115875244,0.0,366642.1875,14.12358856201172,332.0996398925781,0.0,1.043892502784729,7.924896240234375,39.75304412841797,5.154753125680145e-06,347.4968566894531,1756.0057373046875,0.0,0.0,13.06822395324707,1.034000039100647,1.64097261428833,291.842529296875,81.38003540039062,0.0,50.0,1.7007626295089722,0.0,144.9105682373047,0.0,0.0,1310.5,0.0,299.95660400390625,39.75304412841797,57.29801177978516,0.7700844407081604,1295.3826904296875,299.9575500488281,267.8323059082031,3610501.75,1498.474609375,17244.462890625,0.0439999997615814,0.0,2650.85986328125,2810.0,1.642267823219299,-3.3464934825897217,292.3466186523437,0.0414070412516593,0.0,1,534.6493530273438,0.0,30.14075469970703,0.0,34477.75,47.54365158081055,74.49652862548828,-6.149999618530273,132.1448516845703,0.0010999999940395,0.0,0.0,0.0,71.95549774169922,0.0,291.842529296875,0.0,-7.025645732879639,0.0,0.0,0.0999999940395355,0.9067617654800416,0.0,-4.987660759070423e-06,50.0,81.38003540039062,7.125234603881836,0.0,26.12687873840332,0.0,50.0,50.0,292.092529296875,1563.43798828125,64.20330810546875,0.0,74.49734497070312,Reactor Scram,296.0251159667969
0.0,1.0441179275512695,0.0,69.59229278564453,0.0,0.0,0.0,0.0,299.9385681152344,292.342041015625,15.368537902832031,1.536062479019165,0.0006748143350705,1.0437796115875244,0.0,368878.25,14.114595413208008,332.1454162597656,0.0,1.043892502784729,7.924896240234375,39.80339813232422,5.154753125680145e-06,350.23468017578125,1756.0081787109375,0.0,0.0,13.042689323425291,1.034000039100647,1.637890100479126,291.8389587402344,81.31864166259766,0.0,50.0,1.701067328453064,0.0,145.18923950195312,0.0,0.0,1310.5,0.0,299.9376220703125,39.80339813232422,57.19161224365234,0.7701143026351929,1295.3564453125,299.9385681152344,267.8710327148437,3633615.0,1507.438232421875,17244.462890625,0.0439999997615814,0.0,2650.654296875,2820.0,1.6391524076461792,-3.3651251792907715,292.342041015625,0.0418604128062725,0.0,1,536.5125122070312,0.0,30.082881927490234,0.0,34477.75,47.453460693359375,74.49658203125,-6.149999618530273,132.2201385498047,0.0010999999940395,0.0,0.0,0.0,71.96440887451172,0.0,291.8389587402344,0.0,-7.043943405151367,0.0,0.0,0.0999999940395355,0.9067617654800416,0.0,-1.6757572893766335e-06,50.0,81.31864166259766,7.222720146179199,0.0,26.07580947875977,0.0,50.0,50.0,292.0884704589844,1563.21240234375,64.08360290527344,0.0,74.49739074707031,Reactor Scram,296.0136108398437
0.0,1.0441179275512695,0.0,69.63727569580078,0.0,0.0,0.0,0.0,299.9198608398437,292.33746337890625,15.36937141418457,1.540852189064026,0.000678795739077,1.0437796115875244,0.0,371112.21875,14.105620384216309,332.1907958984375,0.0,1.043892502784729,7.924896240234375,39.85334777832031,5.154753125680145e-06,352.9866638183594,1756.0106201171875,0.0,0.0,13.01694393157959,1.034000039100647,1.6348336935043335,291.8353881835937,81.25777435302734,0.0,50.0,1.701372146606445,0.0,145.4639129638672,0.0,0.0,1310.5,0.0,299.9189453125,39.85334777832031,57.08543014526367,0.7701438069343567,1295.330322265625,299.9198608398437,267.9094543457031,3656725.5,1516.4764404296875,17244.462890625,0.0439999997615814,0.0,2650.449951171875,2830.0,1.6360936164855957,-3.383718967437744,292.33746337890625,0.0423171147704124,0.0,1,538.3718872070312,0.0,30.020294189453125,0.0,34477.75,47.36491012573242,74.49664306640625,-6.149999618530273,132.2947998046875,0.0010999999940395,0.0,0.0,0.0,71.9736099243164,0.0,291.8353881835937,0.0,-7.062202453613281,0.0,0.0,0.0999999940395355,0.9067617654800416,0.0,-3.1560060165247705e-07,50.0,81.25777435302734,7.319357872009277,0.0,26.02474021911621,0.0,50.0,50.0,292.0843811035156,1562.9866943359375,63.97218704223633,0.0,74.49744415283203,Reactor Scram,296.002197265625
0.0,1.0441179275512695,0.0,69.6818618774414,0.0,0.0,0.0,0.0,299.9012756347656,292.3329162597656,15.370230674743652,1.5456401109695437,0.0006827864563092,1.0437796115875244,0.0,373344.09375,14.096665382385254,332.23504638671875,0.0,1.043892502784729,7.924896240234375,39.90217590332031,5.154753125680145e-06,355.7528991699219,1756.0130615234375,0.0,0.0,12.991409301757812,1.034000039100647,1.631802678108215,291.8318176269531,81.19739532470703,0.0,50.0,1.701676845550537,0.0,145.737060546875,0.0,0.0,1310.5,0.0,299.9003601074219,39.90214157104492,56.97948455810547,0.7701730728149414,1295.3040771484375,299.9012756347656,267.947509765625,3679833.75,1525.535888671875,17244.462890625,0.0439999997615814,0.0,2650.2470703125,2840.0,1.6330631971359253,-3.40227484703064,292.3328857421875,0.0427756756544113,0.0,1,540.2274780273438,0.0,29.963769912719727,0.0,34477.75,47.27717971801758,74.4967041015625,-6.149999618530273,132.3688507080078,0.0010999999940395,0.0,0.0,0.0,71.98310089111328,0.0,291.83184814453125,0.0,-7.080424308776856,0.0,0.0,0.0999999940395355,0.9067617654800416,0.0,2.382985712756636e-06,50.0,81.19739532470703,7.415169715881348,0.0,25.973249435424805,0.0,50.0,50.0,292.080322265625,1562.7611083984375,63.85495376586914,0.0,74.49748992919922,Reactor Scram,295.9908752441406
0.0,1.0441179275512695,0.0,69.72606658935547,0.0,0.0,0.0,0.0,299.8827819824219,292.3283386230469,15.371110916137695,1.5503541231155396,0.0006867548800073,1.0437796115875244,0.0,375573.78125,14.087725639343262,332.2772216796875,0.0,1.043892502784729,7.924896240234375,39.94890213012695,5.154753125680145e-06,358.533447265625,1756.0155029296875,0.0,0.0,12.965874671936035,1.034000039100647,1.628797173500061,291.8282470703125,81.13751983642578,0.0,50.0,1.701981544494629,0.0,146.00929260253906,0.0,0.0,1310.5,0.0,299.8818664550781,39.94890213012695,56.87364959716797,0.7702022194862366,1295.278076171875,299.8827819824219,267.9852905273437,3702940.0,1534.5439453125,17244.462890625,0.0439999997615814,0.0,2650.04541015625,2850.0,1.630053997039795,-3.4207916259765625,292.3283386230469,0.0432340428233146,0.0,1,542.0791625976562,0.0,29.90589904785156,0.0,34477.75,47.1900634765625,74.4967269897461,-6.149999618530273,132.44229125976562,0.0010999999940395,0.0,0.0,0.0,71.99285888671875,0.0,291.8282470703125,0.0,-7.098607540130615,0.0,0.0,0.0999999940395355,0.9067617654800416,0.0,-1.0109847607964184e-06,50.0,81.13751983642578,7.510175704956055,0.0,25.92260360717773,0.0,50.0,50.0,292.0762634277344,1562.535400390625,63.734893798828125,0.0,74.49752044677734,Reactor Scram,295.9796142578125
0.0,1.0441179275512695,0.0,69.7698745727539,0.0,0.0,0.0,0.0,299.86444091796875,292.3239440917969,15.372018814086914,1.5551974773406982,0.0006907890783622,1.0437796115875244,0.0,377801.46875,14.07880401611328,332.31903076171875,0.0,1.043892502784729,7.924896240234375,39.9951171875,5.154753125680145e-06,361.3280944824219,1756.0179443359375,0.0,0.0,12.941184997558594,1.034000039100647,1.6258167028427124,291.82476806640625,81.078125,0.0,50.0,1.7022708654403689,0.0,146.28314208984375,0.0,0.0,1310.5,0.0,299.863525390625,39.99508285522461,56.76811218261719,0.7702310681343079,1295.253173828125,299.86444091796875,268.0227355957031,3726043.5,1543.7017822265625,17244.462890625,0.0439999997615814,0.0,2649.845458984375,2860.0,1.6270376443862915,-3.4392714500427246,292.32391357421875,0.0436978675425052,0.0,1,543.9271240234375,0.0,29.83885383605957,0.0,34477.75,47.10274124145508,74.49679565429688,-6.149999618530273,132.51512145996094,0.0010999999940395,0.0,0.0,0.0,72.00294494628906,0.0,291.82476806640625,0.0,-7.116769313812256,0.0,0.0,0.0999999940395355,0.9067617654800416,0.0,2.2365078677921701e-07,50.0,81.078125,7.604377746582031,0.0,25.87322235107422,0.0,50.0,50.0,292.0723876953125,1562.309814453125,63.63216400146485,0.0,74.49757385253906,Reactor Scram,295.968505859375
0.0,1.0441179275512695,0.0,69.81321716308594,0.0,0.0,0.0,0.0,299.8466796875,292.31988525390625,15.372946739196776,1.5601952075958252,0.0006949009839445,1.0437796115875244,0.0,380027.03125,14.069901466369627,332.3605041503906,0.0,1.043892502784729,7.924896240234375,40.04065704345703,5.154753125680145e-06,364.136962890625,1756.0203857421875,0.0,0.0,12.918604850769045,1.034000039100647,1.6228606700897217,291.8214416503906,81.0192642211914,0.0,50.0,1.7025350332260132,0.0,146.5541534423828,0.0,0.0,1310.5,0.0,299.8457946777344,40.04062271118164,56.66282653808594,0.7702590823173523,1295.2298583984375,299.8466796875,268.0598449707031,3749144.5,1553.03564453125,17244.462890625,0.0439999997615814,0.0,2649.64697265625,2870.0,1.6240638494491575,-3.4577131271362305,292.3198547363281,0.0441679395735263,0.0,1,545.7713012695312,0.0,29.78693008422852,0.0,34477.75,47.01664733886719,74.49691009521484,-6.149999618530273,132.5873260498047,0.0010999999940395,0.0,0.0,0.0,72.01329803466797,0.0,291.82147216796875,0.0,-7.134919166564941,0.0,0.0,0.0999999940395355,0.9067617654800416,0.0,-3.426009016038733e-06,50.0,81.0192642211914,7.697712421417236,0.0,25.82806396484375,0.0,50.0,50.0,292.06884765625,1562.0841064453125,63.52385711669922,0.0,74.49769592285156,Reactor Scram,295.9578552246094
0.0,1.0441179275512695,0.0,69.85611724853516,0.0,0.0,0.0,0.0,299.8290405273437,292.3158264160156,15.3739013671875,1.5653303861618042,0.0006990834954194,1.0437796115875244,0.0,382250.5,14.061016082763672,332.4015808105469,0.0,1.043892502784729,7.924896240234375,40.08578872680664,5.154753125680145e-06,366.9599609375,1756.0228271484375,0.0,0.0,12.89602279663086,1.034000039100647,1.619928956031799,291.8183898925781,80.9609375,0.0,50.0,1.702796459197998,0.0,146.82418823242188,0.0,0.0,1310.5,0.0,299.8281555175781,40.08575439453125,56.55771255493164,0.7702867984771729,1295.2071533203125,299.8290405273437,268.0965881347656,3772243.0,1562.530029296875,17244.462890625,0.0439999997615814,0.0,2649.449951171875,2880.0,1.6211113929748535,-3.4761180877685547,292.3157958984375,0.0446438565850257,0.0,1,547.61181640625,0.0,29.73784637451172,0.0,34477.75,46.9311752319336,74.49706268310547,-6.149999618530273,132.65884399414062,0.0010999999940395,0.0,0.0,0.0,72.02401733398438,0.0,291.81842041015625,0.0,-7.1530351638793945,0.0,0.0,0.0999999940395355,0.9067617654800416,0.0,-4.600503871188266e-06,50.0,80.9609375,7.790159225463867,0.0,25.78290367126465,0.0,50.0,50.0,292.0653686523437,1561.8585205078125,63.4211311340332,0.0,74.49783325195312,Reactor Scram,295.947265625
0.0,1.0441179275512695,0.0,69.89862060546875,0.0,0.0,0.0,0.0,299.8116149902344,292.3118591308594,15.374873161315918,1.5704113245010376,0.0007032523863017,1.0437796115875244,0.0,384471.96875,14.052143096923828,332.4422607421875,0.0,1.043892502784729,7.924896240234375,40.13041305541992,5.154753125680145e-06,369.7971801757813,1756.0252685546875,0.0,0.0,12.873865127563477,1.034000039100647,1.6170209646224976,291.8153686523437,80.9031753540039,0.0,50.0,1.7030551433563232,0.0,147.0919647216797,0.0,0.0,1310.5,0.0,299.81072998046875,40.13041305541992,56.45280456542969,0.7703142166137695,1295.1844482421875,299.8116149902344,268.13299560546875,3795339.25,1571.993896484375,17244.462890625,0.0439999997615814,0.0,2649.254638671875,2890.0,1.6181942224502563,-3.4944863319396973,292.3118591308594,0.0451201945543289,0.0,1,549.4486083984375,0.0,29.687782287597656,0.0,34477.75,46.84672164916992,74.4971694946289,-6.149999618530273,132.7296905517578,0.0010999999940395,0.0,0.0,0.0,72.03490447998047,0.0,291.8153686523437,0.0,-7.171116828918457,0.0,0.0,0.0999999940395355,0.9067617654800416,0.0,-4.086614353582263e-06,50.0,80.9031753540039,7.881712913513184,0.0,25.73900985717773,0.0,50.0,50.0,292.0619201660156,1561.6328125,63.316314697265625,0.0,74.49794006347656,Reactor Scram,295.93682861328125
0.0,1.0441179275512695,0.0,69.94068145751953,0.0,0.0,0.0,0.0,299.7943725585937,292.3080139160156,15.375869750976562,1.5756242275238037,0.0007074897876009,1.0437796115875244,0.0,386691.25,14.043286323547363,332.4825439453125,0.0,1.043892502784729,7.924896240234375,40.17452621459961,5.154753125680145e-06,372.6485290527344,1756.0277099609375,0.0,0.0,12.852129936218262,1.034000039100647,1.6141364574432373,291.8124084472656,80.84593200683594,0.0,50.0,1.7033090591430664,0.0,147.35812377929688,0.0,0.0,1310.5,0.0,299.7935485839844,40.17452621459961,56.34811401367188,0.7703413963317871,1295.1622314453125,299.7943725585937,268.1690368652344,3818433.25,1581.61279296875,17244.462890625,0.0439999997615814,0.0,2649.06103515625,2900.0,1.6153053045272827,-3.512817621231079,292.3080139160156,0.0456022843718528,0.0,1,551.28173828125,0.0,29.63443946838379,0.0,34477.75,46.76308822631836,74.49730682373047,-6.149999618530273,132.79989624023438,0.0010999999940395,0.0,0.0,0.0,72.04611206054688,0.0,291.8124084472656,0.0,-7.189167022705078,0.0,0.0,0.0999999940395355,0.9067617654800416,0.0,2.192616875618114e-06,50.0,80.84593200683594,7.972400665283203,0.0,25.695114135742188,0.0,50.0,50.0,292.0585327148437,1561.4072265625,63.22272872924805,0.0,74.49806213378906,Reactor Scram,295.926513671875
0.0,1.0441179275512695,0.0,69.98234558105469,0.0,0.0,0.0,0.0,299.7772521972656,292.3041381835937,15.376886367797852,1.5808225870132446,0.0007117310306057,1.0437796115875244,0.0,388908.59375,14.03444480895996,332.5224914550781,0.0,1.043892502784729,7.924896240234375,40.21833801269531,5.154753125680145e-06,375.5140686035156,1756.0301513671875,0.0,0.0,12.829971313476562,1.034000039100647,1.6112751960754397,291.8094177246094,80.78923034667969,0.0,50.0,1.7035653591156006,0.0,147.62257385253906,0.0,0.0,1310.5,0.0,299.77642822265625,40.21833801269531,56.24353790283203,0.7703683972358704,1295.1396484375,299.7772521972656,268.2047119140625,3841524.5,1591.2406005859375,17244.462890625,0.0439999997615814,0.0,2648.868896484375,2910.0,1.6124448776245115,-3.531111240386963,292.3041381835937,0.0460859313607215,0.0,1,553.1111450195312,0.0,29.58684730529785,0.0,34477.75,46.68027877807617,74.49742126464844,-6.149999618530273,132.86944580078125,0.0010999999940395,0.0,0.0,0.0,72.05757141113281,0.0,291.8094177246094,0.0,-7.20717716217041,0.0,0.0,0.0999999940395355,0.9067617654800416,0.0,2.085515689032036e-06,50.0,80.78923034667969,8.062211036682129,0.0,25.651222229003903,0.0,50.0,50.0,292.0550842285156,1561.1815185546875,63.122657775878906,0.0,74.49817657470703,Reactor Scram,295.9162902832031
0.0,1.0441179275512695,0.0,70.02360534667969,0.0,0.0,0.0,0.0,299.7602844238281,292.30035400390625,15.377921104431152,1.5859909057617188,0.0007159691886045,1.04413104057312,0.0,391123.75,14.025616645812988,332.56207275390625,0.0,1.0441267490386963,7.924896240234375,40.26177597045898,5.154753125680145e-06,378.3936767578125,1756.0325927734375,0.0,0.0,12.808446884155272,1.034000039100647,1.6084367036819458,291.80645751953125,80.73304748535156,0.0,50.0,1.7038190364837646,0.0,147.9125518798828,0.0,0.0,1310.5,0.0,299.7594299316406,40.2617073059082,56.1391716003418,0.7703951597213745,1295.117431640625,299.7602844238281,268.2400817871094,3864614.0,1600.8616943359375,17244.462890625,0.0439999997615814,0.0,2648.67822265625,2920.0,1.6096055507659912,-3.54936957359314,292.30029296875,0.0465706810355186,0.0,1,554.9369506835938,0.0,29.53277587890625,0.0,34489.359375,46.59807968139648,74.49750518798828,-6.149999618530273,132.93833923339844,0.0010999999940395,0.0,0.0,0.0,72.06922149658203,0.0,291.8065185546875,0.0,-7.225154876708984,0.0,0.0,0.0999999940395355,0.9067617654800416,0.0,-2.262151156173786e-06,50.0,80.73304748535156,8.151158332824707,0.0,25.60846328735352,0.0,50.0,50.0,292.0516967773437,1560.9580078125,63.027442932128906,0.0,74.49826049804688,Reactor Scram,295.90606689453125
0.0,1.0441179275512695,0.0,70.06446075439453,0.0,0.0,0.0,0.0,299.7433166503906,292.2965087890625,15.378979682922363,1.591209888458252,0.0007202402339316,1.04413104057312,0.0,393336.875,14.016804695129396,332.60125732421875,0.0,1.0441267490386963,7.924896240234375,40.304805755615234,5.154753125680145e-06,381.2874755859375,1756.0350341796875,0.0,0.0,12.786710739135742,1.034000039100647,1.6056209802627563,291.8034973144531,80.67738342285156,0.0,50.0,1.7040725946426392,0.0,148.17630004882812,0.0,0.0,1310.5,0.0,299.7424621582031,40.30473709106445,56.03495788574219,0.7704218626022339,1295.09521484375,299.7433166503906,268.27508544921875,3887700.25,1610.55712890625,17244.462890625,0.0439999997615814,0.0,2648.489013671875,2930.0,1.6067733764648438,-3.5675911903381348,292.29644775390625,0.0470588728785514,0.0,1,556.7590942382812,0.0,29.491735458374023,0.0,34489.359375,46.516090393066406,74.49760437011719,-6.149999618530273,133.00660705566406,0.0010999999940395,0.0,0.0,0.0,72.08118438720703,0.0,291.8035583496094,0.0,-7.243096351623535,0.0,0.0,0.0999999940395355,0.9067617654800416,0.0,3.733161065611057e-06,50.0,80.67738342285156,8.239270210266113,0.0,25.564990997314453,0.0,50.0,50.0,292.0483093261719,1560.734619140625,62.92229843139648,0.0,74.49835205078125,Reactor Scram,295.8959045410156
0.0,1.0441179275512695,0.0,70.10491943359375,0.0,0.0,0.0,0.0,299.7264404296875,292.292724609375,15.38005542755127,1.5964285135269165,0.0007245212909765,1.04413104057312,0.0,395547.96875,14.008007049560549,332.6400756835937,0.0,1.0441267490386963,7.924896240234375,40.34742736816406,5.154753125680145e-06,384.1952819824219,1756.0374755859375,0.0,0.0,12.765185356140137,1.034000039100647,1.6028274297714231,291.8005065917969,80.62224578857422,0.0,50.0,1.7043263912200928,0.0,148.43963623046875,0.0,0.0,1310.5,0.0,299.7255859375,40.34735870361328,55.93095779418945,0.7704484462738037,1295.0732421875,299.7264404296875,268.309814453125,3910784.5,1620.275146484375,17244.462890625,0.0439999997615814,0.0,2648.3017578125,2940.0,1.6039553880691528,-3.585776805877685,292.29266357421875,0.0475490093231201,0.0,1,558.5776977539062,0.0,29.438783645629883,0.0,34489.359375,46.43450927734375,74.49767303466797,-6.149999618530273,133.07423400878906,0.0010999999940395,0.0,0.0,0.0,72.09333801269531,0.0,291.8005676269531,0.0,-7.2610015869140625,0.0,0.0,0.0999999940395355,0.9067617654800416,0.0,-3.3735905162757263e-06,50.0,80.62224578857422,8.326529502868652,0.0,25.52194023132324,0.0,50.0,50.0,292.044921875,1560.5111083984375,62.82917022705078,0.0,74.49842071533203,Reactor Scram,295.8857727050781
0.0,1.0441179275512695,0.0,70.14502716064453,0.0,0.0,0.0,0.0,299.7097473144531,292.2889404296875,15.381153106689451,1.6016486883163452,0.000728813058231,1.04413104057312,0.0,397756.96875,13.999221801757812,332.6786193847656,0.0,1.0441267490386963,7.924896240234375,40.38977813720703,5.154753125680145e-06,387.11724853515625,1756.0399169921875,0.0,0.0,12.743871688842772,1.034000039100647,1.6000555753707886,291.7975158691406,80.56755828857422,0.0,50.0,1.7045800685882568,0.0,148.69992065429688,0.0,0.0,1310.5,0.0,299.7089233398437,40.38967514038086,55.82711791992188,0.7704747319221497,1295.0511474609375,299.7097473144531,268.3441467285156,3933866.25,1630.017333984375,17244.462890625,0.0439999997615814,0.0,2648.115478515625,2950.0,1.601179838180542,-3.603926420211792,292.288818359375,0.0480411276221275,0.0,1,560.3926391601562,0.0,29.38595199584961,0.0,34489.359375,46.35415649414063,74.49774932861328,-6.149999618530273,133.1413116455078,0.0010999999940395,0.0,0.0,0.0,72.10572814941406,0.0,291.7976379394531,0.0,-7.278871536254883,0.0,0.0,0.0999999940395355,0.9067617654800416,0.0,2.294506657563033e-06,50.0,80.56755828857422,8.412969589233398,0.0,25.47931289672852,0.0,50.0,50.0,292.0415344238281,1560.2877197265625,62.736141204833984,0.0,74.49848175048828,Reactor Scram,295.875732421875
0.0,1.0441179275512695,0.0,70.18482971191406,0.0,0.0,0.0,0.0,299.69317626953125,292.2850952148437,15.382271766662598,1.6068172454833984,0.0007330916123464,1.04413104057312,0.0,399963.875,13.990452766418455,332.7168273925781,0.0,1.0441267490386963,7.924896240234375,40.43178939819336,5.154753125680145e-06,390.0533142089844,1756.0423583984375,0.0,0.0,12.722346305847168,1.034000039100647,1.597305417060852,291.7945861816406,80.5132827758789,0.0,50.0,1.7048336267471311,0.0,148.95912170410156,0.0,0.0,1310.5,0.0,299.6923522949219,40.43172454833984,55.723388671875,0.7705008387565613,1295.029052734375,299.69317626953125,268.3782043457031,3956945.75,1639.730224609375,17244.462890625,0.0439999997615814,0.0,2647.930908203125,2960.0,1.5984255075454712,-3.6220409870147705,292.2850341796875,0.0485336296260356,0.0,1,562.2041015625,0.0,29.344194412231445,0.0,34489.359375,46.27441787719727,74.49779510498047,-6.149999618530273,133.2078857421875,0.0010999999940395,0.0,0.0,0.0,72.11839294433594,0.0,291.7946472167969,0.0,-7.296706199645996,0.0,0.0,0.0999999940395355,0.9067617654800416,0.0,2.8714050586131634e-06,50.0,80.5132827758789,8.498610496520996,0.0,25.43668556213379,0.0,50.0,50.0,292.03814697265625,1560.0643310546875,62.62922668457031,0.0,74.49852752685547,Reactor Scram,295.8657531738281
0.0,1.0441179275512695,0.0,70.22431182861328,0.0,0.0,0.0,0.0,299.6767272949219,292.28131103515625,15.38340950012207,1.612038254737854,0.0007374039269052,1.04413104057312,0.0,402168.75,13.981697082519531,332.7547607421875,0.0,1.0441267490386963,7.924896240234375,40.47353363037109,5.154753125680145e-06,393.0034484863281,1756.0447998046875,0.0,0.0,12.701032638549805,1.034000039100647,1.5945765972137451,291.7915954589844,80.45938873291016,0.0,50.0,1.705087184906006,0.0,149.21653747558594,0.0,0.0,1310.5,0.0,299.6759033203125,40.47346496582031,55.61989974975586,0.7705267667770386,1295.0069580078125,299.6767272949219,268.41192626953125,3980022.5,1649.5189208984375,17244.462890625,0.0439999997615814,0.0,2647.7470703125,2970.0,1.5956995487213137,-3.6401195526123047,292.2812194824219,0.0490296334028244,0.0,1,564.011962890625,0.0,29.291540145874023,0.0,34489.359375,46.19550323486328,74.49784851074219,-6.149999618530273,133.2739715576172,0.0010999999940395,0.0,0.0,0.0,72.13125610351562,0.0,291.7916564941406,0.0,-7.314505577087402,0.0,0.0,0.0999999940395355,0.9067617654800416,0.0,-1.4998443020886043e-06,50.0,80.45938873291016,8.583453178405762,0.0,25.39363479614257,0.0,50.0,50.0,292.0347595214844,1559.8408203125,62.5363883972168,0.0,74.49856567382812,Reactor Scram,295.8558349609375
0.0,1.0441179275512695,0.0,70.26348114013672,0.0,0.0,0.0,0.0,299.66033935546875,292.2774963378906,15.384568214416504,1.61728036403656,0.0007417353335767,1.04413104057312,0.0,404371.5625,13.972957611083984,332.7924499511719,0.0,1.0441267490386963,7.924896240234375,40.51503753662109,5.154753125680145e-06,395.9675598144531,1756.0472412109375,0.0,0.0,12.6795072555542,1.034000039100647,1.5918686389923096,291.7886047363281,80.40589904785156,0.0,50.0,1.7053407430648804,0.0,149.47349548339844,0.0,0.0,1310.5,0.0,299.6595458984375,40.51493453979492,55.51652526855469,0.7705525159835815,1294.98486328125,299.66033935546875,268.4453430175781,4003097.5,1659.351806640625,17244.462890625,0.0439999997615814,0.0,2647.564453125,2980.0,1.5929876565933228,-3.6581621170043945,292.27740478515625,0.0495281890034675,0.0,1,565.8162231445312,0.0,29.245361328125,0.0,34489.359375,46.11699295043945,74.4979019165039,-6.149999618530273,133.33958435058594,0.0010999999940395,0.0,0.0,0.0,72.14441680908203,0.0,291.7886962890625,0.0,-7.332268714904785,0.0,0.0,0.0999999940395355,0.9067617654800416,0.0,2.1907401333010057e-06,50.0,80.40589904785156,8.66751480102539,0.0,25.35100555419922,0.0,50.0,50.0,292.0313720703125,1559.617431640625,62.43840789794922,0.0,74.49862670898438,Reactor Scram,295.845947265625
0.0,1.0441179275512695,0.0,70.3023681640625,0.0,0.0,0.0,0.0,299.6440734863281,292.2737121582031,15.385746002197266,1.6224414110183716,0.0007460400229319,1.04413104057312,0.0,406572.28125,13.96423053741455,332.8298034667969,0.0,1.0441267490386963,7.924896240234375,40.55620193481445,5.154753125680145e-06,398.9457702636719,1756.0496826171875,0.0,0.0,12.658404350280762,1.034000039100647,1.589181661605835,291.7856140136719,80.35279846191406,0.0,50.0,1.7055943012237549,0.0,149.72930908203125,0.0,0.0,1310.5,0.0,299.64324951171875,40.55609893798828,55.413368225097656,0.770578145980835,1294.9630126953125,299.6440734863281,268.4784545898437,4026169.5,1669.123291015625,17244.462890625,0.0439999997615814,0.0,2647.3828125,2990.0,1.5902971029281616,-3.676170110702514,292.2735900878906,0.0500261634588241,0.0,1,567.6170043945312,0.0,29.19171905517578,0.0,34489.359375,46.039100646972656,74.49791717529297,-6.149999618530273,133.40472412109375,0.0010999999940395,0.0,0.0,0.0,72.15774536132812,0.0,291.7857360839844,0.0,-7.349997043609619,0.0,0.0,0.0999999940395355,0.9067617654800416,0.0,-4.065939720021561e-06,50.0,80.35279846191406,8.750814437866211,0.0,25.30837821960449,0.0,50.0,50.0,292.0279541015625,1559.3939208984375,62.34346771240234,0.0,74.4986343383789,Reactor Scram,295.83612060546875
0.0,1.0441179275512695,0.0,70.34092712402344,0.0,0.0,0.0,0.0,299.6278076171875,292.2698669433594,15.38694667816162,1.6276894807815552,0.0007503937813453,1.04413104057312,0.0,408771.0625,13.95551872253418,332.866943359375,0.0,1.0441267490386963,7.924896240234375,40.597129821777344,5.154753125680145e-06,401.9380187988281,1756.0521240234375,0.0,0.0,12.636879920959473,1.034000039100647,1.5865148305892944,291.7826843261719,80.30009460449219,0.0,50.0,1.7058478593826294,0.0,149.98594665527344,0.0,0.0,1310.5,0.0,299.6269836425781,40.59706115722656,55.31039047241211,0.7706038355827332,1294.9410400390625,299.6278076171875,268.5112609863281,4049239.75,1679.0067138671875,17244.462890625,0.0439999997615814,0.0,2647.202392578125,3000.0,1.5876065492630005,-3.694143056869507,292.2698059082031,0.0505287013947963,0.0,1,569.414306640625,0.0,29.145828247070312,0.0,34489.359375,45.96120834350586,74.49797058105469,-6.149999618530273,133.4693603515625,0.0010999999940395,0.0,0.0,0.0,72.17135620117188,0.0,291.7827453613281,0.0,-7.3676910400390625,0.0,0.0,0.0999999940395355,0.9067617654800416,0.0,-1.1163768931510276e-06,50.0,80.30009460449219,8.833340644836426,0.0,25.26575088500977,0.0,50.0,50.0,292.0245666503906,1559.1705322265625,62.24586868286133,0.0,74.4986801147461,Reactor Scram,295.8262939453125
0.0,1.0441179275512695,0.0,70.37918853759766,0.0,0.0,0.0,0.0,299.6116638183594,292.2660827636719,15.388166427612305,1.6328665018081665,0.0007547250133939,1.04413104057312,0.0,410967.78125,13.946821212768556,332.9037475585937,0.0,1.0441267490386963,7.924896240234375,40.63775253295898,5.154753125680145e-06,404.94427490234375,1756.0545654296875,0.0,0.0,12.61577606201172,1.034000039100647,1.5838685035705566,291.7796936035156,80.2477798461914,0.0,50.0,1.706101417541504,0.0,150.2407684326172,0.0,0.0,1310.5,0.0,299.6108703613281,40.6376838684082,55.20757293701172,0.7706292271614075,1294.9190673828125,299.6116638183594,268.54376220703125,4072307.25,1688.8385009765625,17244.462890625,0.0439999997615814,0.0,2647.0234375,3010.0,1.584944248199463,-3.712081432342529,292.2659912109375,0.0510309115052223,0.0,1,571.2081298828125,0.0,29.09266471862793,0.0,34489.359375,45.88413619995117,74.49799346923828,-6.149999618530273,133.5335235595703,0.0010999999940395,0.0,0.0,0.0,72.18517303466797,0.0,291.7797546386719,0.0,-7.385350227355957,0.0,0.0,0.0999999940395355,0.9067617654800416,0.0,3.8945449887251016e-06,50.0,80.2477798461914,8.915115356445312,0.0,25.22354507446289,0.0,50.0,50.0,292.02117919921875,1558.9471435546875,62.15171051025391,0.0,74.49869537353516,Reactor Scram,295.8165283203125
0.0,1.0441179275512695,0.0,70.41715240478516,0.0,0.0,0.0,0.0,299.5956726074219,292.26226806640625,15.389406204223633,1.6380890607833862,0.0007590863388031,1.04413104057312,0.0,413162.4375,13.938138961791992,332.9403381347656,0.0,1.0441267490386963,7.924896240234375,40.67816925048828,5.154753125680145e-06,407.9646301269531,1756.0570068359375,0.0,0.0,12.594462394714355,1.034000039100647,1.5812417268753052,291.7767028808594,80.19583892822266,0.0,50.0,1.7063548564910889,0.0,150.49305725097656,0.0,0.0,1310.5,0.0,299.59490966796875,40.67806625366211,55.104888916015625,0.7706543207168579,1294.8970947265625,299.5956726074219,268.5759582519531,4095372.0,1698.7392578125,17244.462890625,0.0439999997615814,0.0,2646.84521484375,3020.0,1.582317352294922,-3.729984998703003,292.2621765136719,0.0515364035964012,0.0,1,572.9984741210938,0.0,29.046463012695312,0.0,34489.359375,45.80808639526367,74.4980239868164,-6.149999618530273,133.59722900390625,0.0010999999940395,0.0,0.0,0.0,72.19929504394531,0.0,291.7767944335937,0.0,-7.402975559234619,0.0,0.0,0.0999999940395355,0.9067617654800416,0.0,3.678890379887889e-06,50.0,80.19583892822266,8.996159553527832,0.0,25.180917739868164,0.0,50.0,50.0,292.0177917480469,1558.7236328125,62.05332565307617,0.0,74.49871826171875,Reactor Scram,295.80682373046875
0.0,1.0441179275512695,0.0,70.45482635498047,0.0,0.0,0.0,0.0,299.5798034667969,292.2584533691406,15.390663146972656,1.6433148384094238,0.0007634587818756,1.04413104057312,0.0,415354.96875,13.929471969604492,332.9766540527344,0.0,1.0441267490386963,7.924896240234375,40.7182846069336,5.154753125680145e-06,410.9989318847656,1756.0594482421875,0.0,0.0,12.573147773742676,1.034000039100647,1.5786348581314087,291.77374267578125,80.1442642211914,0.0,50.0,1.7066084146499634,0.0,150.744140625,0.0,0.0,1310.5,0.0,299.5790405273437,40.71821594238281,55.00238037109375,0.7706793546676636,1294.87548828125,299.5798034667969,268.60791015625,4118435.25,1708.664306640625,17244.462890625,0.0439999997615814,0.0,2646.668212890625,3030.0,1.5797117948532104,-3.747854232788086,292.25836181640625,0.0520438477396965,0.0,1,574.785400390625,0.0,29.00039863586425,0.0,34489.359375,45.7326545715332,74.49805450439453,-6.149999618530273,133.66049194335938,0.0010999999940395,0.0,0.0,0.0,72.2136001586914,0.0,291.7738342285156,0.0,-7.420566558837891,0.0,0.0,0.0999999940395355,0.9067617654800416,0.0,-2.621647354317247e-06,50.0,80.1442642211914,9.076467514038086,0.0,25.138288497924805,0.0,50.0,50.0,292.014404296875,1558.500244140625,61.95514297485352,0.0,74.49874877929688,Reactor Scram,295.79718017578125
0.0,1.0441179275512695,0.0,70.49223327636719,0.0,0.0,0.0,0.0,299.56402587890625,292.254638671875,15.39194107055664,1.6484670639038086,0.0007678068359382,1.04413104057312,0.0,417545.5625,13.920818328857422,333.0127258300781,0.0,1.0441267490386963,7.924896240234375,40.75815963745117,5.154753125680145e-06,414.0472412109375,1756.0618896484375,0.0,0.0,12.552044868469238,1.034000039100647,1.57604718208313,291.7707824707031,80.09306335449219,0.0,50.0,1.7068617343902588,0.0,150.9946746826172,0.0,0.0,1310.5,0.0,299.563232421875,40.75809097290039,54.90007400512695,0.7707042098045349,1294.8533935546875,299.56402587890625,268.6395263671875,4141495.25,1718.534912109375,17244.462890625,0.0439999997615814,0.0,2646.492431640625,3040.0,1.577120304107666,-3.7656891345977774,292.25457763671875,0.0525508262217044,0.0,1,576.5689086914062,0.0,28.94708633422852,0.0,34489.359375,45.65763092041016,74.49805450439453,-6.149999618530273,133.72329711914062,0.0010999999940395,0.0,0.0,0.0,72.22810363769531,0.0,291.7708435058594,0.0,-7.4381232261657715,0.0,0.0,0.0999999940395355,0.9067617654800416,0.0,2.008345063586603e-06,50.0,80.09306335449219,9.156083106994627,0.0,25.09608268737793,0.0,50.0,50.0,292.0110168457031,1558.27685546875,61.8603515625,0.0,74.49874877929688,Reactor Scram,295.78759765625
0.0,1.0441179275512695,0.0,70.52933502197266,0.0,0.0,0.0,0.0,299.54833984375,292.2508544921875,15.393242835998535,1.6537268161773682,0.000772213737946,1.04413104057312,0.0,419734.15625,13.912178993225098,333.04852294921875,0.0,1.0441267490386963,7.924896240234375,40.7977294921875,5.154753125680145e-06,417.1095275878906,1756.0643310546875,0.0,0.0,12.530731201171877,1.034000039100647,1.5734785795211792,291.7677917480469,80.04222106933594,0.0,50.0,1.7071151733398438,0.0,151.2432861328125,0.0,0.0,1310.5,0.0,299.54754638671875,40.797664642333984,54.7979621887207,0.7707288861274719,1294.83154296875,299.54833984375,268.6708374023437,4164553.0,1728.5386962890625,17244.462890625,0.0439999997615814,0.0,2646.317626953125,3050.0,1.574557185173035,-3.783489227294922,292.25079345703125,0.0530630350112915,0.0,1,578.3489379882812,0.0,28.901859283447266,0.0,34489.359375,45.58343124389648,74.49810028076172,-6.149999618530273,133.78565979003906,0.0010999999940395,0.0,0.0,0.0,72.24290466308594,0.0,291.7678527832031,0.0,-7.455644607543945,0.0,0.0,0.0999999940395355,0.9067617654800416,0.0,-2.036813839367824e-06,50.0,80.04222106933594,9.234806060791016,0.0,25.05387687683105,0.0,50.0,50.0,292.00762939453125,1558.0533447265625,61.76358413696289,0.0,74.498779296875,Reactor Scram,295.778076171875
0.0,1.0441179275512695,0.0,70.56616973876953,0.0,0.0,0.0,0.0,299.53271484375,292.2470397949219,15.394559860229492,1.6588902473449707,0.0007765852496959,1.04413104057312,0.0,421920.59375,13.903554916381836,333.0840759277344,0.0,1.0441267490386963,7.924896240234375,40.83713150024414,5.154753125680145e-06,420.1859130859375,1756.0667724609375,0.0,0.0,12.509628295898438,1.034000039100647,1.570928931236267,291.7648010253906,79.99173736572266,0.0,50.0,1.7073684930801392,0.0,151.4920196533203,0.0,0.0,1310.5,0.0,299.53192138671875,40.837032318115234,54.69595336914063,0.7707535624504089,1294.8096923828125,299.53271484375,268.7017517089844,4187608.75,1738.46240234375,17244.462890625,0.0439999997615814,0.0,2646.143798828125,3060.0,1.5720010995864868,-3.8012561798095694,292.2469482421875,0.0535739846527576,0.0,1,580.1256103515625,0.0,28.848920822143555,0.0,34489.359375,45.50942993164063,74.49810028076172,-6.149999618530273,133.8475799560547,0.0010999999940395,0.0,0.0,0.0,72.2579116821289,0.0,291.764892578125,0.0,-7.473134040832519,0.0,0.0,0.0999999940395355,0.9067617654800416,0.0,6.770540608158626e-07,50.0,79.99173736572266,9.312600135803224,0.0,25.01167106628418,0.0,50.0,50.0,292.0042419433594,1557.8299560546875,61.66941452026367,0.0,74.498779296875,Reactor Scram,295.7685852050781
0.0,1.0441179275512695,0.0,70.60272979736328,0.0,0.0,0.0,0.0,299.5171203613281,292.24322509765625,15.39589786529541,1.664110541343689,0.0007809925591573,1.04413104057312,0.0,424105.0,13.894947052001951,333.119384765625,0.0,1.0441267490386963,7.924896240234375,40.87622833251953,5.154753125680145e-06,423.2761840820313,1756.0692138671875,0.0,0.0,12.488314628601074,1.034000039100647,1.5683979988098145,291.7618408203125,79.94159698486328,0.0,50.0,1.707621932029724,0.0,151.7408447265625,0.0,0.0,1310.5,0.0,299.5163269042969,40.87615966796875,54.59420776367188,0.7707780599594116,1294.7880859375,299.5171203613281,268.732421875,4210662.5,1748.467041015625,17244.462890625,0.0439999997615814,0.0,2645.970947265625,3070.0,1.569452166557312,-3.818988561630249,292.2431640625,0.0540885739028453,0.0,1,581.8988647460938,0.0,28.803152084350582,0.0,34489.359375,45.435638427734375,74.49812316894531,-6.149999618530273,133.90908813476562,0.0010999999940395,0.0,0.0,0.0,72.27314758300781,0.0,291.7619323730469,0.0,-7.490588665008545,0.0,0.0,0.0999999940395355,0.9067617654800416,0.0,-4.116799573239405e-06,50.0,79.94159698486328,9.389718055725098,0.0,24.96904182434082,0.0,50.0,50.0,292.0008544921875,1557.608642578125,61.57140350341797,0.0,74.49879455566406,Reactor Scram,295.75909423828125
0.0,1.0441179275512695,0.0,70.6390151977539,0.0,0.0,0.0,0.0,299.5015869140625,292.2394104003906,15.397257804870604,1.6692739725112915,0.000785382639151,1.04413104057312,0.0,426287.5,13.8863525390625,333.1544494628906,0.0,1.0441267490386963,7.924896240234375,40.91508865356445,5.154753125680145e-06,426.3804931640625,1756.0716552734375,0.0,0.0,12.467211723327637,1.034000039100647,1.565885305404663,291.7588806152344,79.89180755615234,0.0,50.0,1.7078752517700195,0.0,151.9890899658203,0.0,0.0,1310.5,0.0,299.5008544921875,40.91501998901367,54.49253845214844,0.7708025574684143,1294.766357421875,299.5015869140625,268.7627868652344,4233712.5,1758.432373046875,17244.462890625,0.0439999997615814,0.0,2645.79931640625,3080.0,1.5669173002243042,-3.836688280105591,292.2393493652344,0.0546031035482883,0.0,1,583.6688232421875,0.0,28.75040054321289,0.0,34489.359375,45.36225509643555,74.49812316894531,-6.149999618530273,133.97015380859375,0.0010999999940395,0.0,0.0,0.0,72.28865051269531,0.0,291.7589416503906,0.0,-7.508009910583496,0.0,0.0,0.0999999940395355,0.9067617654800416,0.0,4.451746917766286e-06,50.0,79.89180755615234,9.46615982055664,0.0,24.926836013793945,0.0,50.0,50.0,291.9974365234375,1557.387451171875,61.47748565673828,0.0,74.49879455566406,Reactor Scram,295.74957275390625
0.0,1.0441179275512695,0.0,70.6750259399414,0.0,0.0,0.0,0.0,299.4862670898437,292.2356262207031,15.398634910583496,1.674470067024231,0.0007897967007011,1.04413104057312,0.0,428467.90625,13.877771377563477,333.18927001953125,0.0,1.0441267490386963,7.924896240234375,40.95370864868164,5.154753125680145e-06,429.4986572265625,1756.0740966796875,0.0,0.0,12.4461088180542,1.034000039100647,1.5633909702301023,291.7558898925781,79.84236907958984,0.0,50.0,1.7081284523010254,0.0,152.23399353027344,0.0,0.0,1310.5,0.0,299.4854736328125,40.95363998413086,54.39110565185547,0.7708266973495483,1294.7445068359375,299.4862670898437,268.7929382324219,4256761.0,1768.4525146484375,17244.462890625,0.0439999997615814,0.0,2645.62841796875,3090.0,1.564424991607666,-3.8543529510498047,292.2355651855469,0.0551205016672611,0.0,1,585.435302734375,0.0,28.70443153381348,0.0,34489.359375,45.29010391235352,74.49813842773438,-6.149999618530273,134.03077697753906,0.0010999999940395,0.0,0.0,0.0,72.3043441772461,0.0,291.7559509277344,0.0,-7.525397300720215,0.0,0.0,0.0999999940395355,0.9067617654800416,0.0,-2.4906191811169265e-06,50.0,79.84236907958984,9.54194164276123,0.0,24.88463020324707,0.0,50.0,50.0,291.9940490722656,1557.166259765625,61.3787956237793,0.0,74.4988021850586,Reactor Scram,295.740234375
0.0,1.0441179275512695,0.0,70.71078491210938,0.0,0.0,0.0,0.0,299.47100830078125,292.2318115234375,15.400032043457031,1.679680109024048,0.0007942260708659,1.04413104057312,0.0,430646.3125,13.869206428527832,333.22381591796875,0.0,1.0441267490386963,7.924896240234375,40.99206161499024,5.154753125680145e-06,432.6307678222656,1756.0765380859375,0.0,0.0,12.42479419708252,1.034000039100647,1.5609145164489746,291.7528991699219,79.79326629638672,0.0,50.0,1.7083818912506104,0.0,152.478271484375,0.0,0.0,1310.5,0.0,299.4702453613281,40.99199295043945,54.2898063659668,0.7708507776260376,1294.7227783203125,299.47100830078125,268.8227844238281,4279807.5,1778.5076904296875,17244.462890625,0.0439999997615814,0.0,2645.458740234375,3100.0,1.5619468688964844,-3.8719849586486816,292.23175048828125,0.0556401312351226,0.0,1,587.198486328125,0.0,28.65275764465332,0.0,34489.359375,45.218360900878906,74.49815368652344,-6.149999618530273,134.0910186767578,0.0010999999940395,0.0,0.0,0.0,72.3202896118164,0.0,291.7529602050781,0.0,-7.542752265930176,0.0,0.0,0.0999999940395355,0.9067617654800416,0.0,-3.07241839436756e-06,50.0,79.79326629638672,9.617070198059082,0.0,24.842002868652344,0.0,50.0,50.0,291.9906616210937,1556.945068359375,61.28676986694336,0.0,74.49882507324219,Reactor Scram,295.7309265136719
0.0,1.0441179275512695,0.0,70.74628448486328,0.0,0.0,0.0,0.0,299.45587158203125,292.2281188964844,15.401448249816896,1.6848524808883667,0.0007986469427123,1.04413104057312,0.0,432822.75,13.860654830932615,333.2582092285156,0.0,1.0441267490386963,7.924896240234375,41.0301399230957,5.154753125680145e-06,435.7767639160156,1756.0789794921875,0.0,0.0,12.404325485229492,1.034000039100647,1.5584555864334106,291.7500305175781,79.7444839477539,0.0,50.0,1.7086275815963743,0.0,152.7226104736328,0.0,0.0,1310.5,0.0,299.45513916015625,41.03007125854492,54.18871307373047,0.770874559879303,1294.7015380859375,299.45587158203125,268.8524169921875,4302851.0,1788.543212890625,17244.462890625,0.0439999997615814,0.0,2645.2900390625,3110.0,1.5594757795333862,-3.889583826065064,292.2280578613281,0.0561602786183357,0.0,1,588.9583740234375,0.0,28.606563568115234,0.0,34489.359375,45.14682388305664,74.49816131591797,-6.149999618530273,134.15084838867188,0.0010999999940395,0.0,0.0,0.0,72.33643341064453,0.0,291.7500915527344,0.0,-7.560081481933594,0.0,0.0,0.0999999940395355,0.9067617654800416,0.0,-4.438534688233631e-06,50.0,79.7444839477539,9.691567420959473,0.0,24.801061630249023,0.0,50.0,50.0,291.98736572265625,1556.7237548828125,61.187461853027344,0.0,74.49882507324219,Reactor Scram,295.7217102050781
0.0,1.0441179275512695,0.0,70.78146362304688,0.0,0.0,0.0,0.0,299.4410705566406,292.2247314453125,15.402887344360352,1.6902611255645752,0.0008031873148865,1.04413104057312,0.0,434997.0625,13.852120399475098,333.2922668457031,0.0,1.0441267490386963,7.924896240234375,41.06760787963867,5.154753125680145e-06,438.9367370605469,1756.0814208984375,0.0,0.0,12.385542869567873,1.034000039100647,1.5560141801834106,291.747314453125,79.69607543945312,0.0,50.0,1.7088453769683838,0.0,152.96841430664062,0.0,0.0,1310.5,0.0,299.4403381347656,41.06753921508789,54.08780670166016,0.7708978652954102,1294.6826171875,299.4410705566406,268.8817443847656,4325892.5,1798.8502197265625,17244.462890625,0.0439999997615814,0.0,2645.122314453125,3120.0,1.556997537612915,-3.907149791717529,292.22467041015625,0.0566900819540023,0.0,1,590.7149658203125,0.0,28.564640045166016,0.0,34489.359375,45.075077056884766,74.49825286865234,-6.149999618530273,134.21022033691406,0.0010999999940395,0.0,0.0,0.0,72.3529281616211,0.0,291.74737548828125,0.0,-7.577406406402588,0.0,0.0,0.0999999940395355,0.9067617654800416,0.0,-3.449516498221783e-06,50.0,79.69607543945312,9.765384674072266,0.0,24.763500213623047,0.0,50.0,50.0,291.9844665527344,1556.5025634765625,61.096656799316406,0.0,74.49890899658203,Reactor Scram,295.7128295898437
0.0,1.0441179275512695,0.0,70.8163070678711,0.0,0.0,0.0,0.0,299.4266052246094,292.2213439941406,15.404342651367188,1.695801019668579,0.0008077986421994,1.04413104057312,0.0,437169.40625,13.843598365783691,333.3260803222656,0.0,1.0441267490386963,7.924896240234375,41.10480499267578,5.154753125680145e-06,442.1107482910156,1756.0838623046875,0.0,0.0,12.367183685302734,1.034000039100647,1.553589940071106,291.74462890625,79.64805603027344,0.0,50.0,1.7090579271316528,0.0,153.20938110351562,0.0,0.0,1310.5,0.0,299.4259033203125,41.104736328125,53.98713302612305,0.7709206938743591,1294.663818359375,299.4266052246094,268.9107971191406,4348932.0,1809.318359375,17244.462890625,0.0439999997615814,0.0,2644.955810546875,3130.0,1.55457603931427,-3.924682140350342,292.2212829589844,0.0572261251509189,0.0,1,592.4682006835938,0.0,28.51902198791504,0.0,34489.359375,45.00497817993164,74.49836730957031,-6.149999618530273,134.2691192626953,0.0010999999940395,0.0,0.0,0.0,72.36959838867188,0.0,291.7447204589844,0.0,-7.594703197479248,0.0,0.0,0.0999999940395355,0.9067617654800416,0.0,2.8910371838719584e-06,50.0,79.64805603027344,9.838472366333008,0.0,24.72677993774414,0.0,50.0,50.0,291.98162841796875,1556.2813720703125,61.01657485961914,0.0,74.49901580810547,Reactor Scram,295.7041931152344
0.0,1.0441179275512695,0.0,70.85086822509766,0.0,0.0,0.0,0.0,299.4122009277344,292.21807861328125,15.405816078186035,1.7013732194900513,0.0008124346495606,1.04413104057312,0.0,439339.8125,13.835086822509766,333.359619140625,0.0,1.0441267490386963,7.924896240234375,41.141597747802734,5.154753125680145e-06,445.2984313964844,1756.0863037109375,0.0,0.0,12.34882354736328,1.034000039100647,1.5511828660964966,291.7421569824219,79.60042572021484,0.0,50.0,1.709270715713501,0.0,153.4503936767578,0.0,0.0,1310.5,0.0,299.4114990234375,41.14152908325195,53.8865966796875,0.770943284034729,1294.6451416015625,299.4122009277344,268.9395751953125,4371968.5,1819.8421630859373,17244.462890625,0.0439999997615814,0.0,2644.790771484375,3140.0,1.5521615743637085,-3.942182064056397,292.218017578125,0.0577651411294937,0.0,1,594.2182006835938,0.0,28.474029541015625,0.0,34489.359375,44.93507766723633,74.49846649169922,-6.149999618530273,134.32754516601562,0.0010999999940395,0.0,0.0,0.0,72.38648986816406,0.0,291.7422180175781,0.0,-7.61196756362915,0.0,0.0,0.0999999940395355,0.9067617654800416,0.0,-2.9968184662720887e-06,50.0,79.60042572021484,9.910852432250977,0.0,24.69048309326172,0.0,50.0,50.0,291.978759765625,1556.0601806640625,60.93764114379883,0.0,74.49910736083984,Reactor Scram,295.6955261230469
0.0,1.0441179275512695,0.0,70.8851318359375,0.0,0.0,0.0,0.0,299.3979187011719,292.21490478515625,15.407306671142578,1.70692777633667,0.0008170719374902,1.04413104057312,0.0,441508.1875,13.826589584350586,333.39288330078125,0.0,1.0441267490386963,7.924896240234375,41.17808151245117,5.154753125680145e-06,448.5001525878906,1756.0887451171875,0.0,0.0,12.33067512512207,1.034000039100647,1.5487924814224243,291.7396545410156,79.55318450927734,0.0,50.0,1.7094833850860596,0.0,153.68931579589844,0.0,0.0,1310.5,0.0,299.397216796875,41.177978515625,53.7861557006836,0.7709658145904541,1294.62646484375,299.3979187011719,268.9680480957031,4395003.0,1830.369140625,17244.462890625,0.0439999997615814,0.0,2644.62646484375,3150.0,1.54977548122406,-3.959649562835693,292.2148132324219,0.0583054535090923,0.0,1,595.9649658203125,0.0,28.440893173217773,0.0,34489.359375,44.86600112915039,74.49855041503906,-6.149999618530273,134.38548278808594,0.0010999999940395,0.0,0.0,0.0,72.40361022949219,0.0,291.73974609375,0.0,-7.629199981689453,0.0,0.0,0.0999999940395355,0.9067617654800416,0.0,-4.24839436163893e-06,50.0,79.55318450927734,9.982498168945312,0.0,24.654186248779297,0.0,50.0,50.0,291.9759216308594,1555.8388671875,60.84600067138672,0.0,74.49919128417969,Reactor Scram,295.6869812011719
0.0,1.0441179275512695,0.0,70.91909790039062,0.0,0.0,0.0,0.0,299.3836975097656,292.21173095703125,15.4088134765625,1.7125308513641355,0.0008217418799176,1.04413104057312,0.0,443674.5,13.81810474395752,333.4258728027344,0.0,1.0441267490386963,7.924896240234375,41.21422958374024,5.154753125680145e-06,451.7156982421875,1756.0911865234375,0.0,0.0,12.312314987182615,1.034000039100647,1.5464187860488892,291.7371826171875,79.50633239746094,0.0,50.0,1.7096959352493286,0.0,153.92825317382812,0.0,0.0,1310.5,0.0,299.3829650878906,41.21416091918945,53.68586349487305,0.7709882855415344,1294.6077880859375,299.3836975097656,268.9962463378906,4418035.0,1840.9693603515625,17244.462890625,0.0439999997615814,0.0,2644.463623046875,3160.0,1.5473964214324951,-3.977084398269653,292.2116394042969,0.0588492862880229,0.0,1,597.7084350585938,0.0,28.39653205871582,0.0,34489.359375,44.79712677001953,74.4986343383789,-6.149999618530273,134.44293212890625,0.0010999999940395,0.0,0.0,0.0,72.42092895507812,0.0,291.7372436523437,0.0,-7.646399974822998,0.0,0.0,0.0999999940395355,0.9067617654800416,0.0,3.141740990031394e-06,50.0,79.50633239746094,10.053436279296877,0.0,24.617467880249023,0.0,50.0,50.0,291.9730834960937,1555.61767578125,60.76816177368164,0.0,74.49927520751953,Reactor Scram,295.6784362792969
0.0,1.0467547178268433,0.0,70.9527587890625,0.0,0.0,0.0,0.0,299.36944580078125,292.20819091796875,15.41033935546875,1.718156337738037,0.0008264314965344,1.04413104057312,0.0,445838.90625,13.8096342086792,333.4585876464844,0.0,1.0450056791305542,7.924896240234375,41.25020599365234,5.154753125680145e-06,454.9451293945313,1756.0936279296875,0.0,0.0,12.294999122619627,1.034000039100647,1.544061541557312,291.735107421875,79.45989990234375,0.0,50.0,1.709911227226257,0.0,154.27236938476562,0.0,0.0,1310.5,0.0,299.3687438964844,41.25040817260742,53.5858154296875,0.77101069688797,1294.589111328125,299.36944580078125,269.024169921875,4441064.5,1851.615234375,17288.01171875,0.0439999997615814,0.0,2644.30224609375,3170.0,1.5450245141983032,-3.994486808776856,292.2084045410156,0.0593957602977752,0.0,1,599.4486694335938,0.0,28.358667373657227,0.0,34489.359375,44.728458404541016,74.49871826171875,-6.149999618530273,134.49989318847656,0.0010999999940395,0.0,0.0,0.0,72.43844604492188,0.0,291.7347412109375,0.0,-7.663564682006836,0.0,0.0,0.0999999940395355,0.9067617654800416,0.0,2.0081483143030716e-08,50.0,79.45989990234375,10.12367820739746,0.0,24.58074760437012,0.0,50.0,50.0,291.9701843261719,1555.396484375,60.68502426147461,0.0,74.49934387207031,Reactor Scram,295.6698913574219
0.0,1.0467547178268433,0.0,70.98609161376953,0.0,0.0,0.0,0.0,299.3553161621094,292.2048034667969,15.41188144683838,1.7237036228179932,0.000831093348097,1.0444825887680054,0.0,448001.25,13.801172256469728,333.4909973144531,0.0,1.045240044593811,7.924896240234375,41.2858772277832,5.154753125680145e-06,458.1883544921875,1756.0960693359375,0.0,0.0,12.277059555053713,1.034000039100647,1.5417203903198242,291.73272705078125,79.41390991210938,0.0,50.0,1.710123896598816,0.0,154.53890991210938,0.0,0.0,1310.5,0.0,299.3545837402344,41.28618240356445,53.4858627319336,0.771032989025116,1294.570556640625,299.3553161621094,269.05181884765625,4464092.5,1862.1981201171875,17288.01171875,0.0439999997615814,0.0,2644.141845703125,3180.0,1.5426666736602783,-4.011857032775879,292.2051086425781,0.0599414072930812,0.0,1,601.1857299804688,0.0,28.313432693481445,0.0,34500.97265625,44.66020202636719,74.49876403808594,-6.149999618530273,134.55628967285156,0.0010999999940395,0.0,0.0,0.0,72.45613861083984,0.0,291.7322998046875,0.0,-7.680699825286865,0.0,0.0,0.0999999940395355,0.9067617654800416,0.0,-2.0339041384431766e-06,50.0,79.41390991210938,10.193231582641602,0.0,24.545150756835938,0.0,50.0,50.0,291.96734619140625,1555.17529296875,60.605281829833984,0.0,74.49938201904297,Reactor Scram,295.661376953125
0.0,1.0467547178268433,0.0,71.01908111572266,0.0,0.0,0.0,0.0,299.34136962890625,292.2015380859375,15.41344165802002,1.7293298244476318,0.0008358024060726,1.0444825887680054,0.0,450161.5625,13.792722702026367,333.5230712890625,0.0,1.045240044593811,7.924896240234375,41.32107162475586,5.154753125680145e-06,461.4454650878906,1756.0985107421875,0.0,0.0,12.259331703186035,1.034000039100647,1.5393952131271362,291.73028564453125,79.36836242675781,0.0,50.0,1.7103313207626345,0.0,154.77528381347656,0.0,0.0,1310.5,0.0,299.3406677246094,41.32151412963867,53.3859977722168,0.7710548639297485,1294.5521240234375,299.34136962890625,269.0791931152344,4487117.0,1872.8873291015625,17288.01171875,0.0439999997615814,0.0,2643.983154296875,3190.0,1.5403372049331665,-4.029195785522461,292.2019958496094,0.0604916252195835,0.0,1,602.9195556640625,0.0,28.27567481994629,0.0,34500.97265625,44.5927619934082,74.49883270263672,-6.149999618530273,134.61215209960938,0.0010999999940395,0.0,0.0,0.0,72.47409057617188,0.0,291.7298583984375,0.0,-7.69780969619751,0.0,0.0,0.0999999940395355,0.9067617654800416,0.0,-5.022931418352528e-06,50.0,79.36836242675781,10.262083053588867,0.0,24.510120391845703,0.0,50.0,50.0,291.9645690917969,1554.9539794921875,60.52217864990234,0.0,74.49945068359375,Reactor Scram,295.65301513671875
0.0,1.0467547178268433,0.0,71.05174255371094,0.0,0.0,0.0,0.0,299.3275451660156,292.1984558105469,15.41501808166504,1.7349286079406738,0.0008405071566812,1.0444825887680054,0.0,452320.0,13.78428554534912,333.5548095703125,0.0,1.045240044593811,7.924896240234375,41.35589599609375,5.154753125680145e-06,464.7163696289063,1756.1009521484375,0.0,0.0,12.242026329040527,1.034000039100647,1.5370858907699585,291.7278747558594,79.3232650756836,0.0,50.0,1.7105363607406616,0.0,155.01089477539062,0.0,0.0,1310.5,0.0,299.32684326171875,41.35633850097656,53.28632736206055,0.7710766792297363,1294.5341796875,299.3275451660156,269.10626220703125,4510139.5,1883.567626953125,17288.01171875,0.0439999997615814,0.0,2643.82568359375,3200.0,1.5380219221115112,-4.046502590179443,292.19891357421875,0.061042733490467,0.0,1,604.6502685546875,0.0,28.231409072875977,0.0,34500.97265625,44.52573394775391,74.49887084960938,-6.149999618530273,134.66746520996094,0.0010999999940395,0.0,0.0,0.0,72.49220275878906,0.0,291.7274475097656,0.0,-7.714889049530029,0.0,0.0,0.0999999940395355,0.9067617654800416,0.0,3.6338274185254704e-06,50.0,79.3232650756836,10.330246925354004,0.0,24.47508811950684,0.0,50.0,50.0,291.9618225097656,1554.7327880859375,60.44424057006836,0.0,74.49949645996094,Reactor Scram,295.6447448730469
0.0,1.0467547178268433,0.0,71.08404541015625,0.0,0.0,0.0,0.0,299.31378173828125,292.1953430175781,15.41661262512207,1.7406333684921265,0.0008452721522189,1.0444825887680054,0.0,454476.34375,13.775859832763672,333.5862731933594,0.0,1.045240044593811,7.924896240234375,41.39051818847656,5.154753125680145e-06,468.00103759765625,1756.1033935546875,0.0,0.0,12.224297523498535,1.034000039100647,1.534792423248291,291.7254333496094,79.27860260009766,0.0,50.0,1.71074378490448,0.0,155.24505615234375,0.0,0.0,1310.5,0.0,299.3130798339844,41.390926361083984,53.18676376342773,0.7710984349250793,1294.5159912109375,299.31378173828125,269.13311767578125,4533160.0,1894.3841552734373,17288.01171875,0.0439999997615814,0.0,2643.669677734375,3210.0,1.535727858543396,-4.063776969909668,292.1957397460937,0.0615994222462177,0.0,1,606.377685546875,0.0,28.19508934020996,0.0,34500.97265625,44.459320068359375,74.49894714355469,-6.149999618530273,134.72222900390625,0.0010999999940395,0.0,0.0,0.0,72.51056671142578,0.0,291.7250366210937,0.0,-7.731934547424316,0.0,0.0,0.0999999940395355,0.9067617654800416,0.0,-4.93694005854195e-06,50.0,79.27860260009766,10.39773941040039,0.0,24.44005584716797,0.0,50.0,50.0,291.95904541015625,1554.5115966796875,60.36382293701172,0.0,74.49956512451172,Reactor Scram,295.636474609375
0.0,1.0467547178268433,0.0,71.11605834960938,0.0,0.0,0.0,0.0,299.30010986328125,292.1922302246094,15.418221473693848,1.7462022304534912,0.0008499811519868,1.0444825887680054,0.0,456630.71875,13.767446517944336,333.6174011230469,0.0,1.045240044593811,7.924896240234375,41.424766540527344,5.154753125680145e-06,471.2995910644531,1756.1058349609375,0.0,0.0,12.206991195678713,1.034000039100647,1.5325140953063965,291.7229919433594,79.234375,0.0,50.0,1.7109514474868774,0.0,155.4777374267578,0.0,0.0,1310.5,0.0,299.29937744140625,41.4251708984375,53.087379455566406,0.7711198925971985,1294.4981689453125,299.30010986328125,269.15966796875,4556178.5,1905.0738525390625,17288.01171875,0.0439999997615814,0.0,2643.515380859375,3220.0,1.5334550142288208,-4.081020832061768,292.192626953125,0.0621531382203102,0.0,1,608.10205078125,0.0,28.15040779113769,0.0,34500.97265625,44.39352416992188,74.49896240234375,-6.149999618530273,134.77647399902344,0.0010999999940395,0.0,0.0,0.0,72.52906036376953,0.0,291.7225952148437,0.0,-7.74894905090332,0.0,0.0,0.0999999940395355,0.9067617654800416,0.0,-5.74461125779635e-07,50.0,79.234375,10.464552879333496,0.0,24.40502548217773,0.0,50.0,50.0,291.95623779296875,1554.2904052734375,60.2849006652832,0.0,74.49958038330078,Reactor Scram,295.6282653808594
0.0,1.0467547178268433,0.0,71.14772033691406,0.0,0.0,0.0,0.0,299.28643798828125,292.1890869140625,15.419846534729004,1.7519235610961914,0.0008547726902179,1.0444825887680054,0.0,458783.1875,13.75904655456543,333.64825439453125,0.0,1.045240044593811,7.924896240234375,41.458740234375,5.154753125680145e-06,474.6118469238281,1756.1082763671875,0.0,0.0,12.189264297485352,1.034000039100647,1.5302512645721436,291.7205505371094,79.19058227539062,0.0,50.0,1.7111588716506958,0.0,155.71109008789062,0.0,0.0,1310.5,0.0,299.2857666015625,41.45914840698242,52.98818588256836,0.7711414098739624,1294.4801025390625,299.28643798828125,269.1859436035156,4579193.5,1915.9505615234373,17288.01171875,0.0439999997615814,0.0,2643.362060546875,3230.0,1.5311821699142456,-4.098232746124268,292.18951416015625,0.062714122235775,0.0,1,609.8232421875,0.0,28.114442825317383,0.0,34500.97265625,44.32772445678711,74.49903106689453,-6.149999618530273,134.83018493652344,0.0010999999940395,0.0,0.0,0.0,72.54776000976562,0.0,291.7201538085937,0.0,-7.765932083129883,0.0,0.0,0.0999999940395355,0.9067617654800416,0.0,1.426775924073809e-07,50.0,79.19058227539062,10.530715942382812,0.0,24.3699951171875,0.0,50.0,50.0,291.9534606933594,1554.0693359375,60.20505142211914,0.0,74.49964141845703,Reactor Scram,295.6200256347656
0.0,1.0467547178268433,0.0,71.17909240722656,0.0,0.0,0.0,0.0,299.2728881835937,292.18603515625,15.421489715576172,1.7575277090072632,0.000859516847413,1.0444825887680054,0.0,460933.59375,13.750656127929688,333.6788024902344,0.0,1.045240044593811,7.924896240234375,41.49234390258789,5.154753125680145e-06,477.93792724609375,1756.1107177734375,0.0,0.0,12.172168731689451,1.034000039100647,1.528003215789795,291.7181701660156,79.14720153808594,0.0,50.0,1.711361289024353,0.0,155.94439697265625,0.0,0.0,1310.5,0.0,299.2721862792969,41.49275207519531,52.88901901245117,0.7711628079414368,1294.46240234375,299.2728881835937,269.2120056152344,4602207.5,1926.7200927734373,17288.01171875,0.0439999997615814,0.0,2643.2099609375,3240.0,1.528916358947754,-4.115413665771484,292.1864624023437,0.0632727369666099,0.0,1,611.5413818359375,0.0,28.070476531982425,0.0,34500.97265625,44.26212692260742,74.4990463256836,-6.149999618530273,134.88339233398438,0.0010999999940395,0.0,0.0,0.0,72.56668853759766,0.0,291.7177734375,0.0,-7.782889366149902,0.0,0.0,0.0999999940395355,0.9067617654800416,0.0,-4.645188710128423e-06,50.0,79.14720153808594,10.596216201782228,0.0,24.33580780029297,0.0,50.0,50.0,291.95074462890625,1553.850341796875,60.127349853515625,0.0,74.49964904785156,Reactor Scram,295.61187744140625
0.0,1.0467547178268433,0.0,71.21012878417969,0.0,0.0,0.0,0.0,299.2593078613281,292.18292236328125,15.423148155212402,1.7632579803466797,0.0008643308538012,1.0444825887680054,0.0,463082.0625,13.742277145385742,333.70904541015625,0.0,1.045240044593811,7.924896240234375,41.52571105957031,5.154753125680145e-06,481.277587890625,1756.1131591796875,0.0,0.0,12.154651641845703,1.034000039100647,1.5257701873779297,291.7157287597656,79.10424041748047,0.0,50.0,1.7115687131881714,0.0,156.17689514160156,0.0,0.0,1310.5,0.0,299.2586669921875,41.52611923217773,52.79005813598633,0.7711841464042664,1294.4443359375,299.2593078613281,269.23779296875,4625218.0,1937.6478271484373,17288.01171875,0.0439999997615814,0.0,2643.0595703125,3250.0,1.5266648530960083,-4.132563591003418,292.183349609375,0.063837707042694,0.0,1,613.25634765625,0.0,28.034746170043945,0.0,34500.97265625,44.19694900512695,74.49910736083984,-6.149999618530273,134.9360809326172,0.0010999999940395,0.0,0.0,0.0,72.58577728271484,0.0,291.71533203125,0.0,-7.79980993270874,0.0,0.0,0.0999999940395355,0.9067617654800416,0.0,-1.2128235766795117e-06,50.0,79.10424041748047,10.661075592041016,0.0,24.30077743530273,0.0,50.0,50.0,291.9479675292969,1553.63134765625,60.04779815673828,0.0,74.49969482421875,Reactor Scram,295.60369873046875
0.0,1.0467547178268433,0.0,71.24085998535156,0.0,0.0,0.0,0.0,299.2459716796875,292.17987060546875,15.424823760986328,1.7688928842544556,0.000869107665494,1.0444825887680054,0.0,465228.5,13.733912467956545,333.7389831542969,0.0,1.045240044593811,7.924896240234375,41.55867004394531,5.154753125680145e-06,484.631103515625,1756.1156005859375,0.0,0.0,12.137557983398438,1.034000039100647,1.5235519409179688,291.71337890625,79.06169128417969,0.0,50.0,1.7117711305618286,0.0,156.4064483642578,0.0,0.0,1310.5,0.0,299.24530029296875,41.55910873413086,52.69119644165039,0.7712051868438721,1294.4267578125,299.2459716796875,269.2633056640625,4648226.5,1948.491455078125,17288.01171875,0.0439999997615814,0.0,2642.910400390625,3260.0,1.5244486331939695,-4.14968204498291,292.1803283691406,0.0644010305404663,0.0,1,614.9682006835938,0.0,27.991378784179688,0.0,34500.97265625,44.132789611816406,74.4991226196289,-6.149999618530273,134.9882354736328,0.0010999999940395,0.0,0.0,0.0,72.60508728027344,0.0,291.7129211425781,0.0,-7.816705226898193,0.0,0.0,0.0999999940395355,0.9067617654800416,0.0,-2.813891626374243e-07,50.0,79.06169128417969,10.725292205810549,0.0,24.26658821105957,0.0,50.0,50.0,291.9452514648437,1553.412353515625,59.971168518066406,0.0,74.49971008300781,Reactor Scram,295.595703125
0.0,1.0467547178268433,0.0,71.27127075195312,0.0,0.0,0.0,0.0,299.23272705078125,292.17681884765625,15.426513671875,1.774629831314087,0.0008739430923014,1.0444825887680054,0.0,467373.0,13.725560188293455,333.7686462402344,0.0,1.045240044593811,7.924896240234375,41.59139251708984,5.154753125680145e-06,487.9984130859375,1756.1180419921875,0.0,0.0,12.12046241760254,1.034000039100647,1.5213481187820437,291.71099853515625,79.01957702636719,0.0,50.0,1.7119733095169067,0.0,156.6351776123047,0.0,0.0,1310.5,0.0,299.2320556640625,41.59183120727539,52.592567443847656,0.7712259888648987,1294.4093017578125,299.23272705078125,269.28857421875,4671233.0,1959.4683837890625,17288.01171875,0.0439999997615814,0.0,2642.762451171875,3270.0,1.5222465991973877,-4.166770458221436,292.1772766113281,0.064969889819622,0.0,1,616.6770629882812,0.0,27.955848693847656,0.0,34500.97265625,44.06903839111328,74.49917602539062,-6.149999618530273,135.03990173339844,0.0010999999940395,0.0,0.0,0.0,72.62456512451172,0.0,291.7105407714844,0.0,-7.833570957183838,0.0,0.0,0.0999999940395355,0.9067617654800416,0.0,-2.5661415747890715e-06,50.0,79.01957702636719,10.788861274719238,0.0,24.23240089416504,0.0,50.0,50.0,291.94256591796875,1553.193359375,59.8918342590332,0.0,74.499755859375,Reactor Scram,295.58770751953125
0.0,1.0467547178268433,0.0,71.30139923095703,0.0,0.0,0.0,0.0,299.2195129394531,292.1737670898437,15.428220748901367,1.7802666425704956,0.0008787384722381,1.0444825887680054,0.0,469515.59375,13.71721649169922,333.7980651855469,0.0,1.045240044593811,7.924896240234375,41.62384033203125,5.154753125680145e-06,491.3792724609375,1756.1204833984375,0.0,0.0,12.103578567504885,1.034000039100647,1.5191588401794434,291.7086181640625,78.97784423828125,0.0,50.0,1.712175726890564,0.0,156.86383056640625,0.0,0.0,1310.5,0.0,299.2188720703125,41.62428283691406,52.493953704833984,0.7712468504905701,1294.3917236328125,299.2195129394531,269.3135986328125,4694237.5,1970.3543701171875,17288.01171875,0.0439999997615814,0.0,2642.61572265625,3280.0,1.5200515985488892,-4.183828353881836,292.1742248535156,0.0655368715524673,0.0,1,618.3828125,0.0,27.9126033782959,0.0,34500.97265625,44.0054931640625,74.49918365478516,-6.149999618530273,135.09107971191406,0.0010999999940395,0.0,0.0,0.0,72.64424896240234,0.0,291.70819091796875,0.0,-7.850405216217041,0.0,0.0,0.0999999940395355,0.9067617654800416,0.0,-5.063006938144099e-06,50.0,78.97784423828125,10.851802825927734,0.0,24.198637008666992,0.0,50.0,50.0,291.9398498535156,1552.9742431640625,59.8153190612793,0.0,74.49976348876953,Reactor Scram,295.5797424316406
0.0,1.0467547178268433,0.0,71.33118438720703,0.0,0.0,0.0,0.0,299.2063903808594,292.17071533203125,15.429944038391112,1.7860466241836548,0.000883612956386,1.0444825887680054,0.0,471656.15625,13.708884239196776,333.8271484375,0.0,1.045240044593811,7.924896240234375,41.65598678588867,5.154753125680145e-06,494.7739562988281,1756.1229248046875,0.0,0.0,12.086273193359377,1.034000039100647,1.5169836282730105,291.70623779296875,78.93653106689453,0.0,50.0,1.7123780250549316,0.0,157.0908966064453,0.0,0.0,1310.5,0.0,299.20574951171875,41.65642929077149,52.395503997802734,0.7712674736976624,1294.3741455078125,299.2063903808594,269.3383483886719,4717239.0,1981.4193115234373,17288.01171875,0.0439999997615814,0.0,2642.470458984375,3290.0,1.5178779363632202,-4.200855731964111,292.1711730957031,0.0661109164357185,0.0,1,620.0855712890625,0.0,27.87175369262696,0.0,34500.97265625,43.94256591796875,74.4992446899414,-6.149999618530273,135.14175415039062,0.0010999999940395,0.0,0.0,0.0,72.66414642333984,0.0,291.705810546875,0.0,-7.8672099113464355,0.0,0.0,0.0999999940395355,0.9067617654800416,0.0,4.236639142618515e-06,50.0,78.93653106689453,10.914127349853516,0.0,24.16444969177246,0.0,50.0,50.0,291.9371337890625,1552.7552490234375,59.74352645874024,0.0,74.49981689453125,Reactor Scram,295.57183837890625
0.0,1.0467547178268433,0.0,71.3607177734375,0.0,0.0,0.0,0.0,299.1933288574219,292.1676940917969,15.431682586669922,1.7916916608810425,0.0008884300477802,1.0444825887680054,0.0,473794.75,13.70056438446045,333.8559875488281,0.0,1.045240044593811,7.924896240234375,41.68786239624024,5.154753125680145e-06,498.1822509765625,1756.1253662109375,0.0,0.0,12.06938934326172,1.034000039100647,1.514822483062744,291.7038269042969,78.89559936523438,0.0,50.0,1.7125804424285889,0.0,157.317138671875,0.0,0.0,1310.5,0.0,299.1926574707031,41.68826675415039,52.2972412109375,0.7712880373001099,1294.3565673828125,299.1933288574219,269.3629150390625,4740238.5,1992.3546142578125,17288.01171875,0.0439999997615814,0.0,2642.326416015625,3300.0,1.5157183408737185,-4.217852115631104,292.1681213378906,0.0666817650198936,0.0,1,621.7852172851562,0.0,27.83484649658203,0.0,34500.97265625,43.88004684448242,74.4992446899414,-6.149999618530273,135.19195556640625,0.0010999999940395,0.0,0.0,0.0,72.68416595458984,0.0,291.70343017578125,0.0,-7.883983612060547,0.0,0.0,0.0999999940395355,0.9067617654800416,0.0,-1.8239029486721847e-06,50.0,78.89559936523438,10.975862503051758,0.0,24.13068389892578,0.0,50.0,50.0,291.9344177246094,1552.5362548828125,59.66122817993164,0.0,74.49981689453125,Reactor Scram,295.5639343261719
0.0,1.0467547178268433,0.0,71.38994598388672,0.0,0.0,0.0,0.0,299.1802978515625,292.1646423339844,15.433438301086426,1.7974203824996948,0.0008932969067245,1.0444825887680054,0.0,475931.40625,13.692259788513184,333.884521484375,0.0,1.045240044593811,7.924896240234375,41.71946334838867,5.154753125680145e-06,501.6042175292969,1756.1278076171875,0.0,0.0,12.05229377746582,1.034000039100647,1.512675404548645,291.70147705078125,78.85505676269531,0.0,50.0,1.712782621383667,0.0,157.5432586669922,0.0,0.0,1310.5,0.0,299.1796569824219,41.719871520996094,52.1990966796875,0.7713086009025574,1294.339111328125,299.1802978515625,269.38720703125,4763235.5,2003.4022216796875,17288.01171875,0.0439999997615814,0.0,2642.18359375,3310.0,1.5135658979415894,-4.234819412231445,292.1650695800781,0.0672574937343597,0.0,1,623.48193359375,0.0,27.79934501647949,0.0,34500.97265625,43.81773376464844,74.49927520751953,-6.149999618530273,135.24166870117188,0.0010999999940395,0.0,0.0,0.0,72.70443725585938,0.0,291.7010498046875,0.0,-7.90072774887085,0.0,0.0,0.0999999940395355,0.9067617654800416,0.0,-3.518920721035101e-06,50.0,78.85505676269531,11.03700065612793,0.0,24.096498489379883,0.0,50.0,50.0,291.93170166015625,1552.3172607421875,59.5816764831543,0.0,74.49984741210938,Reactor Scram,295.5560607910156
0.0,1.0467547178268433,0.0,71.41890716552734,0.0,0.0,0.0,0.0,299.1673889160156,292.1615905761719,15.435209274291992,1.803100228309632,0.0008981483988463,1.0444825887680054,0.0,478066.09375,13.68396282196045,333.9128112792969,0.0,1.045240044593811,7.924896240234375,41.75075912475586,5.154753125680145e-06,505.0397338867188,1756.1302490234375,0.0,0.0,12.035409927368164,1.034000039100647,1.510541915893555,291.6990966796875,78.81489562988281,0.0,50.0,1.712984919548035,0.0,157.76779174804688,0.0,0.0,1310.5,0.0,299.166748046875,41.75120162963867,52.10111618041992,0.7713289260864258,1294.32177734375,299.1673889160156,269.4112854003906,4786231.0,2014.4154052734373,17288.01171875,0.0439999997615814,0.0,2642.0419921875,3320.0,1.5114346742630005,-4.25175666809082,292.1620483398437,0.0678331702947616,0.0,1,625.1756591796875,0.0,27.756988525390625,0.0,34500.97265625,43.75603485107422,74.49928283691406,-6.149999618530273,135.29092407226562,0.0010999999940395,0.0,0.0,0.0,72.72484588623047,0.0,291.6986389160156,0.0,-7.917442321777344,0.0,0.0,0.0999999940395355,0.9067617654800416,0.0,-1.8497722749089007e-06,50.0,78.81489562988281,11.097535133361816,0.0,24.062732696533203,0.0,50.0,50.0,291.9289855957031,1552.0982666015625,59.50668716430664,0.0,74.49984741210938,Reactor Scram,295.5482482910156
0.0,1.0467547178268433,0.0,71.44756317138672,0.0,0.0,0.0,0.0,299.1545104980469,292.1585388183594,15.436996459960938,1.8088070154190063,0.000903021893464,1.0444825887680054,0.0,480198.8125,13.675679206848145,333.9408264160156,0.0,1.045240044593811,7.924896240234375,41.78182220458984,5.154753125680145e-06,508.4889831542969,1756.1326904296875,0.0,0.0,12.018316268920898,1.034000039100647,1.5084218978881836,291.6967163085937,78.77510833740234,0.0,50.0,1.7131870985031128,0.0,157.9921875,0.0,0.0,1310.5,0.0,299.15386962890625,41.78226089477539,52.00321578979492,0.7713491916656494,1294.3043212890625,299.1545104980469,269.43511962890625,4809223.5,2025.478515625,17288.01171875,0.0439999997615814,0.0,2641.90185546875,3330.0,1.509310603141785,-4.26866340637207,292.15899658203125,0.068411611020565,0.0,1,626.8663330078125,0.0,27.71510124206543,0.0,34500.97265625,43.69454193115234,74.49930572509766,-6.149999618530273,135.3397216796875,0.0010999999940395,0.0,0.0,0.0,72.7454833984375,0.0,291.6962890625,0.0,-7.934126377105713,0.0,0.0,0.0999999940395355,0.9067617654800416,0.0,-6.711651394653018e-07,50.0,78.77510833740234,11.157509803771973,0.0,24.02854347229004,0.0,50.0,50.0,291.92626953125,1551.8792724609375,59.432613372802734,0.0,74.49986267089844,Reactor Scram,295.5404357910156
0.0,1.0467547178268433,0.0,71.47594451904297,0.0,0.0,0.0,0.0,299.1416015625,292.155517578125,15.438799858093262,1.8145064115524288,0.0009079001611098,1.0444825887680054,0.0,482329.5625,13.667405128479004,333.9685974121094,0.0,1.045240044593811,7.924896240234375,41.812644958496094,5.154753125680145e-06,511.9518127441406,1756.1351318359375,0.0,0.0,12.001432418823242,1.034000039100647,1.5063154697418213,291.6943054199219,78.7356948852539,0.0,50.0,1.7133893966674805,0.0,158.21719360351562,0.0,0.0,1310.5,0.0,299.1409606933594,41.81304931640625,51.90549850463867,0.7713695168495178,1294.2869873046875,299.1416015625,269.458740234375,4832214.0,2036.552490234375,17288.01171875,0.0439999997615814,0.0,2641.762451171875,3340.0,1.5071864128112793,-4.285541534423828,292.15594482421875,0.068991519510746,0.0,1,628.5541381835938,0.0,27.6793155670166,0.0,34500.97265625,43.6330451965332,74.49932098388672,-6.149999618530273,135.3880615234375,0.0010999999940395,0.0,0.0,0.0,72.76628112792969,0.0,291.69390869140625,0.0,-7.950782775878906,0.0,0.0,0.0999999940395355,0.9067617654800416,0.0,-3.1302249681175454e-06,50.0,78.7356948852539,11.216903686523438,0.0,23.994779586791992,0.0,50.0,50.0,291.9235534667969,1551.6602783203125,59.35215377807617,0.0,74.49987030029297,Reactor Scram,295.5326538085937
0.0,1.0467547178268433,0.0,71.5040512084961,0.0,0.0,0.0,0.0,299.1287841796875,292.1524658203125,15.440616607666016,1.820195555686951,0.000912781979423,1.0444825887680054,0.0,484458.4375,13.659146308898926,333.9960632324219,0.0,1.045240044593811,7.924896240234375,41.8431282043457,5.154753125680145e-06,515.42822265625,1756.1375732421875,0.0,0.0,11.984548568725586,1.034000039100647,1.5042221546173096,291.6919250488281,78.6966552734375,0.0,50.0,1.7135915756225586,0.0,158.4413299560547,0.0,0.0,1310.5,0.0,299.1281433105469,41.84356689453125,51.80796051025391,0.7713897228240967,1294.2696533203125,299.1287841796875,269.4820861816406,4855201.5,2047.634033203125,17288.01171875,0.0439999997615814,0.0,2641.62451171875,3350.0,1.5050764083862305,-4.302389144897461,292.1529235839844,0.0695727691054344,0.0,1,630.2388916015625,0.0,27.637279510498047,0.0,34500.97265625,43.57196044921875,74.49932861328125,-6.149999618530273,135.43594360351562,0.0010999999940395,0.0,0.0,0.0,72.78723907470703,0.0,291.6914978027344,0.0,-7.9674072265625,0.0,0.0,0.0999999940395355,0.9067617654800416,0.0,3.353876763867447e-06,50.0,78.6966552734375,11.275731086730955,0.0,23.961013793945312,0.0,50.0,50.0,291.9208374023437,1551.441162109375,59.27754211425781,0.0,74.49988555908203,Reactor Scram,295.52490234375
0.0,1.0467547178268433,0.0,71.53189086914062,0.0,0.0,0.0,0.0,299.1161193847656,292.1494140625,15.44245147705078,1.825901985168457,0.0009176808525808,1.0444825887680054,0.0,486585.25,13.650896072387695,334.0233154296875,0.0,1.045240044593811,7.924896240234375,41.87343978881836,5.154753125680145e-06,518.9181518554688,1756.1400146484375,0.0,0.0,11.967453002929688,1.034000039100647,1.5021421909332275,291.6895751953125,78.65796661376953,0.0,50.0,1.7137938737869265,0.0,158.66307067871094,0.0,0.0,1310.5,0.0,299.115478515625,41.87388229370117,51.7104721069336,0.7714096307754517,1294.252197265625,299.1161193847656,269.5052795410156,4878187.0,2058.754638671875,17288.01171875,0.0439999997615814,0.0,2641.48779296875,3360.0,1.5029947757720947,-4.319208145141602,292.1498718261719,0.070156417787075,0.0,1,631.9207763671875,0.0,27.6016845703125,0.0,34500.97265625,43.51169967651367,74.49934387207031,-6.149999618530273,135.48338317871094,0.0010999999940395,0.0,0.0,0.0,72.80844116210938,0.0,291.6891174316406,0.0,-7.984004020690918,0.0,0.0,0.0999999940395355,0.9067617654800416,0.0,-2.088982000714168e-06,50.0,78.65796661376953,11.333992004394531,0.0,23.927249908447266,0.0,50.0,50.0,291.91815185546875,1551.22216796875,59.19743728637695,0.0,74.49989318847656,Reactor Scram,295.5171813964844
0.0,1.0467547178268433,0.0,71.5594711303711,0.0,0.0,0.0,0.0,299.103515625,292.1464233398437,15.444300651550291,1.831571102142334,0.0009225694229826,1.0444825887680054,0.0,488710.25,13.642658233642578,334.05029296875,0.0,1.045240044593811,7.924896240234375,41.90348434448242,5.154753125680145e-06,522.421875,1756.1424560546875,0.0,0.0,11.950569152832031,1.034000039100647,1.5000749826431274,291.6871643066406,78.61963653564453,0.0,50.0,1.7139960527420044,0.0,158.8839111328125,0.0,0.0,1310.5,0.0,299.10284423828125,41.90389251708984,51.61311340332031,0.7714295983314514,1294.235107421875,299.103515625,269.5282287597656,4901170.5,2069.851806640625,17288.01171875,0.0439999997615814,0.0,2641.35205078125,3370.0,1.5009273290634155,-4.335996627807617,292.1468200683594,0.0707403495907783,0.0,1,633.5996704101562,0.0,27.55939674377441,0.0,34500.97265625,43.451847076416016,74.49934387207031,-6.149999618530273,135.5303955078125,0.0010999999940395,0.0,0.0,0.0,72.82979583740234,0.0,291.6867370605469,0.0,-8.000571250915527,0.0,0.0,0.0999999940395355,0.9067617654800416,0.0,-4.446103048394434e-06,50.0,78.61963653564453,11.391716957092283,0.0,23.893484115600582,0.0,50.0,50.0,291.9154357910156,1551.003173828125,59.1223258972168,0.0,74.49989318847656,Reactor Scram,295.509521484375
0.0,1.0467547178268433,0.0,71.5867919921875,0.0,0.0,0.0,0.0,299.0909118652344,292.14337158203125,15.446165084838867,1.837279677391052,0.0009274858166463,1.0444825887680054,0.0,490833.28125,13.63443088531494,334.0770568847656,0.0,1.045240044593811,7.924896240234375,41.93328857421875,5.154753125680145e-06,525.93896484375,1756.1448974609375,0.0,0.0,11.933685302734377,1.034000039100647,1.4980207681655884,291.6847839355469,78.58164978027344,0.0,50.0,1.714198112487793,0.0,159.1046142578125,0.0,0.0,1310.5,0.0,299.0903015136719,41.93369674682617,51.51594924926758,0.7714493274688721,1294.217529296875,299.0909118652344,269.55096435546875,4924152.0,2081.012451171875,17288.01171875,0.0439999997615814,0.0,2641.217529296875,3380.0,1.4988667964935305,-4.352756977081299,292.1437683105469,0.0713274851441383,0.0,1,635.2756958007812,0.0,27.523956298828125,0.0,34500.97265625,43.39219284057617,74.49935913085938,-6.149999618530273,135.5769805908203,0.0010999999940395,0.0,0.0,0.0,72.851318359375,0.0,291.68438720703125,0.0,-8.017108917236328,0.0,0.0,0.0999999940395355,0.9067617654800416,0.0,-1.8578219851406173e-06,50.0,78.58164978027344,11.448918342590332,0.0,23.85929679870605,0.0,50.0,50.0,291.9127197265625,1550.7841796875,59.042327880859375,0.0,74.4999008178711,Reactor Scram,295.5018920898437
0.0,1.0467547178268433,0.0,71.61385345458984,0.0,0.0,0.0,0.0,299.07843017578125,292.14031982421875,15.44804573059082,1.8429510593414309,0.0009323919657617,1.0444825887680054,0.0,492954.34375,13.626216888427734,334.1035461425781,0.0,1.045240044593811,7.924896240234375,41.96279144287109,5.154753125680145e-06,529.4697875976562,1756.1473388671875,0.0,0.0,11.91680145263672,1.034000039100647,1.495979070663452,291.6824035644531,78.54401397705078,0.0,50.0,1.7144004106521606,0.0,159.3236083984375,0.0,0.0,1310.5,0.0,299.07781982421875,41.96323013305664,51.41888046264648,0.771468997001648,1294.2003173828125,299.07843017578125,269.5734558105469,4947131.0,2092.1494140625,17288.01171875,0.0439999997615814,0.0,2641.084228515625,3390.0,1.4968277215957642,-4.369488716125488,292.1407470703125,0.0719148889183998,0.0,1,636.9488525390625,0.0,27.481853485107425,0.0,34500.97265625,43.33316421508789,74.49935913085938,-6.149999618530273,135.62313842773438,0.0010999999940395,0.0,0.0,0.0,72.873046875,0.0,291.6819763183594,0.0,-8.033618927001953,0.0,0.0,0.0999999940395355,0.9067617654800416,0.0,2.6717873424786376e-06,50.0,78.54401397705078,11.505576133728027,0.0,23.82553100585937,0.0,50.0,50.0,291.9100036621094,1550.565185546875,58.96733856201172,0.0,74.4999008178711,Reactor Scram,295.4942932128906
0.0,1.0467547178268433,0.0,71.64065551757812,0.0,0.0,0.0,0.0,299.0660095214844,292.13726806640625,15.449941635131836,1.8486895561218264,0.0009373399079777,1.0444825887680054,0.0,495073.40625,13.618016242980955,334.1298217773437,0.0,1.045240044593811,7.924896240234375,41.99212265014648,5.154753125680145e-06,533.013916015625,1756.1497802734375,0.0,0.0,11.899706840515137,1.034000039100647,1.493950128555298,291.6800231933594,78.50670623779297,0.0,50.0,1.7146025896072388,0.0,159.5424346923828,0.0,0.0,1310.5,0.0,299.0653991699219,41.99256134033203,51.32203674316406,0.771488606929779,1294.1829833984375,299.0660095214844,269.59576416015625,4970107.5,2103.381591796875,17288.01171875,0.0439999997615814,0.0,2640.951904296875,3400.0,1.494795560836792,-4.386190414428711,292.1376953125,0.0725066065788269,0.0,1,638.6190185546875,0.0,27.446998596191406,0.0,34500.97265625,43.27433013916016,74.49938201904297,-6.149999618530273,135.6688995361328,0.0010999999940395,0.0,0.0,0.0,72.89495086669922,0.0,291.6795959472656,0.0,-8.050098419189453,0.0,0.0,0.0999999940395355,0.9067617654800416,0.0,4.000557055405807e-06,50.0,78.50670623779297,11.561725616455078,0.0,23.79176521301269,0.0,50.0,50.0,291.90728759765625,1550.34619140625,58.88837432861328,0.0,74.49991607666016,Reactor Scram,295.4867248535156
0.0,1.0467547178268433,0.0,71.66722106933594,0.0,0.0,0.0,0.0,299.0536193847656,292.1342468261719,15.45185375213623,1.854365348815918,0.0009422645671293,1.0444825887680054,0.0,497190.65625,13.609825134277344,334.1558532714844,0.0,1.045240044593811,7.924896240234375,42.02121353149414,5.154753125680145e-06,536.57177734375,1756.1522216796875,0.0,0.0,11.88282299041748,1.034000039100647,1.4919333457946775,291.6776123046875,78.4697265625,0.0,50.0,1.7148046493530271,0.0,159.7603302001953,0.0,0.0,1310.5,0.0,299.0530090332031,42.02162170410156,51.22522735595703,0.7715080976486206,1294.165771484375,299.0536193847656,269.6178894042969,4993081.0,2114.560302734375,17288.01171875,0.0439999997615814,0.0,2640.820556640625,3410.0,1.4927775859832764,-4.4028639793396,292.1346435546875,0.0730975642800331,0.0,1,640.286376953125,0.0,27.40508270263672,0.0,34500.97265625,43.215911865234375,74.49938201904297,-6.149999618530273,135.71424865722656,0.0010999999940395,0.0,0.0,0.0,72.91704559326172,0.0,291.6772155761719,0.0,-8.066551208496094,0.0,0.0,0.0999999940395355,0.9067617654800416,0.0,3.2728958103689365e-06,50.0,78.4697265625,11.617374420166016,0.0,23.75800132751465,0.0,50.0,50.0,291.9045715332031,1550.127197265625,58.81363677978516,0.0,74.49991607666016,Reactor Scram,295.4791564941406
0.0,1.0467547178268433,0.0,71.69353485107422,0.0,0.0,0.0,0.0,299.04132080078125,292.1311950683594,15.453780174255373,1.860048055648804,0.0009472006349824,1.0444825887680054,0.0,499305.90625,13.601645469665527,334.1816711425781,0.0,1.045240044593811,7.924896240234375,42.050071716308594,5.154753125680145e-06,540.1431274414062,1756.1546630859375,0.0,0.0,11.865939140319824,1.034000039100647,1.4899290800094604,291.6752624511719,78.43307495117188,0.0,50.0,1.715006709098816,0.0,159.97726440429688,0.0,0.0,1310.5,0.0,299.04071044921875,42.05047607421875,51.12862396240234,0.7715274691581726,1294.148681640625,299.04132080078125,269.63983154296875,5016053.5,2125.765625,17288.01171875,0.0439999997615814,0.0,2640.6904296875,3420.0,1.4907739162445068,-4.419509410858154,292.131591796875,0.0736904591321945,0.0,1,641.950927734375,0.0,27.36947059631348,0.0,34500.97265625,43.15790557861328,74.49939727783203,-6.149999618530273,135.7592010498047,0.0010999999940395,0.0,0.0,0.0,72.93929290771484,0.0,291.6748352050781,0.0,-8.082974433898926,0.0,0.0,0.0999999940395355,0.9067617654800416,0.0,-5.125537541061931e-07,50.0,78.43307495117188,11.672515869140623,0.0,23.7242374420166,0.0,50.0,50.0,291.90185546875,1549.9080810546875,58.73303985595703,0.0,74.49991607666016,Reactor Scram,295.4716796875
0.0,1.0467547178268433,0.0,71.7196273803711,0.0,0.0,0.0,0.0,299.0290832519531,292.1281433105469,15.45572280883789,1.865719437599182,0.0009521393221803,1.0444825887680054,0.0,501419.21875,13.593477249145508,334.207275390625,0.0,1.045240044593811,7.924896240234375,42.07868957519531,5.154753125680145e-06,543.7278442382812,1756.1571044921875,0.0,0.0,11.849055290222168,1.034000039100647,1.4879369735717771,291.6728820800781,78.39674377441406,0.0,50.0,1.7152090072631836,0.0,160.19325256347656,0.0,0.0,1310.5,0.0,299.0284729003906,42.07912826538086,51.03208923339844,0.7715467810630798,1294.1314697265625,299.0290832519531,269.6615295410156,5039023.5,2136.9765625,17288.01171875,0.0439999997615814,0.0,2640.56103515625,3430.0,1.4887841939926147,-4.4361252784729,292.1285705566406,0.0742845758795738,0.0,1,643.612548828125,0.0,27.327619552612305,0.0,34500.97265625,43.10030364990234,74.49939727783203,-6.149999618530273,135.8037567138672,0.0010999999940395,0.0,0.0,0.0,72.96176147460938,0.0,291.67242431640625,0.0,-8.099369049072266,0.0,0.0,0.0999999940395355,0.9067617654800416,0.0,4.223677933623549e-06,50.0,78.39674377441406,11.727157592773438,0.0,23.69047164916992,0.0,50.0,50.0,291.8991394042969,1549.689208984375,58.658302307128906,0.0,74.49991607666016,Reactor Scram,295.46417236328125
0.0933650508522987,1.0467547178268433,0.0,71.74547576904297,0.0,0.0,0.0,0.0,299.0168762207031,292.1251220703125,15.457679748535156,1.8713109493255613,0.0009570451220497,1.0444825887680054,0.0,503530.65625,13.58533000946045,334.2326354980469,0.0,1.045240044593811,7.924896240234375,42.10710525512695,5.154753125680145e-06,547.3260498046875,1756.1595458984375,0.0,0.0,11.832382202148438,1.034000039100647,1.485956788063049,291.67047119140625,78.36073303222656,0.0,50.0,1.7154110670089722,0.0,160.40902709960938,0.0,0.0,1310.5,0.0,299.0162658691406,42.10750961303711,50.93547439575195,0.7715660333633423,1294.1142578125,299.0168762207031,269.6830749511719,5061991.0,2148.113037109375,17288.01171875,0.0439999997615814,0.0,2640.43310546875,3440.0,1.4868017435073853,-4.452714443206787,292.1255187988281,0.0748771280050277,0.0,1,645.2714233398438,0.0,27.253847122192383,0.0,34500.97265625,43.042911529541016,74.49933624267578,-6.149999618530273,135.84793090820312,0.0010999999940395,0.0,0.0,0.0,72.98454284667969,0.0,291.6700744628906,0.0,-8.115736961364746,0.0,0.0,0.0999999940395355,0.9067617654800416,0.0,-9.835421366233277e-08,50.0,78.36073303222656,11.78132152557373,0.0,23.65670585632324,0.0,50.0,50.0,291.8964233398437,1549.472412109375,58.6119270324707,0.0,74.4999008178711,Reactor Scram,295.45672607421875
0.4702841341495514,1.0467547178268433,0.0,71.77117919921875,0.0,0.0,0.0,0.0,299.0046691894531,292.1221008300781,15.459641456604004,1.876189112663269,0.0009615968447178,1.0444825887680054,0.0,505640.125,13.577276229858398,334.2577514648437,0.0,1.045240044593811,7.924896240234375,42.135250091552734,5.154753125680145e-06,550.937744140625,1756.1619873046875,0.0,0.0,11.81718635559082,1.034000039100647,1.4839884042739868,291.6680603027344,78.3250503540039,0.0,50.0,1.7156131267547607,0.0,160.6253662109375,0.0,0.0,1310.5,0.0,299.0040588378906,42.13565444946289,50.83953475952149,0.77158522605896,1294.0972900390625,299.0046691894531,269.70440673828125,5084955.5,2158.4462890625,17288.01171875,0.0439999997615814,0.0,2640.305908203125,3450.0,1.4848191738128662,-4.469274997711182,292.1224975585937,0.075442649424076,0.0,1,646.927490234375,0.0,27.138647079467773,0.0,34500.97265625,42.98551559448242,74.49905395507812,-6.149999618530273,135.89169311523438,0.0010999999940395,0.0,0.0,0.0,73.00743103027344,0.0,291.66766357421875,0.0,-8.132076263427734,0.0,0.0,0.0999999940395355,0.9067617654800416,0.0,4.101294962310931e-06,50.0,78.3250503540039,11.834985733032228,0.0,23.62505149841309,0.0,50.0,50.0,291.89373779296875,1549.255615234375,58.574554443359375,0.0,74.49970245361328,Reactor Scram,295.4492492675781
1.0975255966186523,1.0467547178268433,0.0,71.79671478271484,0.0,0.0,0.0,0.0,298.9924621582031,292.1191101074219,15.461612701416016,1.880372881889344,0.0009658023482188,1.0444825887680054,0.0,507747.6875,13.569406509399414,334.2826538085937,0.0,1.045240044593811,7.924896240234375,42.16315460205078,5.154753125680145e-06,554.5628662109375,1756.1644287109375,0.0,0.0,11.802624702453612,1.034000039100647,1.4820319414138794,291.6656188964844,78.28971099853516,0.0,50.0,1.715815186500549,0.0,160.84225463867188,0.0,0.0,1310.5,0.0,298.9918518066406,42.16352844238281,50.74551010131836,0.7716044783592224,1294.0799560546875,298.9924621582031,269.7255249023437,5107918.5,2167.99267578125,17288.01171875,0.0439999997615814,0.0,2640.18017578125,3460.0,1.4828366041183472,-4.485806465148926,292.1194763183594,0.075981505215168,0.0,1,648.5806274414062,0.0,26.99522399902344,0.0,34500.97265625,42.92811965942383,74.49861145019531,-6.149999618530273,135.93502807617188,0.0010999999940395,0.0,0.0,0.0,73.03038024902344,0.0,291.6652526855469,0.0,-8.148386001586914,0.0,0.0,0.0999999940395355,0.9067617654800416,0.0,9.331400008250057e-08,50.0,78.28971099853516,11.888108253479004,0.0,23.59508514404297,0.0,50.0,50.0,291.8910217285156,1549.038818359375,58.5342903137207,0.0,74.49937438964844,Reactor Scram,295.4418029785156
1.9331514835357664,1.0467547178268433,0.0,71.8220443725586,0.0,0.0,0.0,0.0,298.9804077148437,292.1161193847656,15.46358871459961,1.8839247226715088,0.0009696905035525,1.0444825887680054,0.0,509853.3125,13.56179904937744,334.3072509765625,0.0,1.045240044593811,7.924896240234375,42.19075775146485,5.154753125680145e-06,558.201416015625,1756.1668701171875,0.0,0.0,11.788907051086426,1.034000039100647,1.4800870418548584,291.6631774902344,78.2547378540039,0.0,50.0,1.716017246246338,0.0,161.05584716796875,0.0,0.0,1310.5,0.0,298.9798278808594,42.19112777709961,50.65437316894531,0.771623432636261,1294.06298828125,298.9804077148437,269.7464294433594,5130879.0,2176.818603515625,17288.01171875,0.0439999997615814,0.0,2640.055419921875,3470.0,1.4808895587921145,-4.502310276031494,292.11651611328125,0.07649577409029,0.0,1,650.2310180664062,0.0,26.83698272705078,0.0,34500.97265625,42.87175369262695,74.498046875,-6.149999618530273,135.97792053222656,0.0010999999940395,0.0,0.0,0.0,73.05335998535156,0.0,291.6628112792969,0.0,-8.164669036865234,0.0,0.0,0.0999999940395355,0.9067617654800416,0.0,-3.546901552908821e-06,50.0,78.2547378540039,11.94067668914795,0.0,23.56638526916504,0.0,50.0,50.0,291.8883056640625,1548.822021484375,58.480934143066406,0.0,74.49893188476562,Reactor Scram,295.4344482421875
2.936611652374268,1.0467547178268433,0.0,71.84713745117188,0.0,0.0,0.0,0.0,298.96844482421875,292.1131591796875,15.465574264526367,1.8868709802627563,0.0009732728358358,1.0444825887680054,0.0,511957.03125,13.554515838623049,334.33160400390625,0.0,1.045240044593811,7.924896240234375,42.21808624267578,5.154753125680145e-06,561.8534545898438,1756.1693115234375,0.0,0.0,11.775822639465332,1.034000039100647,1.4781535863876345,291.6607360839844,78.22013854980469,0.0,50.0,1.7162190675735474,0.0,161.2684326171875,0.0,0.0,1310.5,0.0,298.9678649902344,42.21846008300781,50.56664657592773,0.77164226770401,1294.0460205078125,298.96844482421875,269.76708984375,5153838.0,2184.950927734375,17288.01171875,0.0439999997615814,0.0,2639.931884765625,3480.0,1.4789565801620483,-4.518786430358887,292.113525390625,0.0769861787557601,0.0,1,651.878662109375,0.0,26.641334533691406,0.0,34500.97265625,42.81579208374024,74.49738311767578,-6.149999618530273,136.02035522460938,0.0010999999940395,0.0,0.0,0.0,73.07649230957031,0.0,291.6603698730469,0.0,-8.180924415588379,0.0,0.0,0.0999999940395355,0.9067617654800416,0.0,3.2553276696489775e-07,50.0,78.22013854980469,11.992669105529783,0.0,23.538105010986328,0.0,50.0,50.0,291.8855895996094,1548.605224609375,58.43865585327149,0.0,74.49842834472656,Reactor Scram,295.4270935058594
4.075522422790527,1.0467547178268433,0.0,71.87197875976562,0.0,0.0,0.0,0.0,298.95654296875,292.1101989746094,15.467570304870604,1.8892793655395508,0.0009765815921127,1.0444825887680054,0.0,514058.84375,13.547608375549316,334.355712890625,0.0,1.045240044593811,7.924896240234375,42.24517822265625,5.154753125680145e-06,565.5188598632812,1756.1717529296875,0.0,0.0,11.763158798217772,1.034000039100647,1.476231813430786,291.65826416015625,78.1859130859375,0.0,50.0,1.716421127319336,0.0,161.48001098632812,0.0,0.0,1310.5,0.0,298.9559326171875,42.24551773071289,50.48327255249024,0.7716609835624695,1294.0289306640625,298.95654296875,269.7875061035156,5176793.0,2192.462158203125,17288.01171875,0.0439999997615814,0.0,2639.8095703125,3490.0,1.477037787437439,-4.535235404968262,292.11053466796875,0.0774550810456276,0.0,1,653.5235595703125,0.0,26.433488845825195,0.0,34500.97265625,42.7602424621582,74.4966812133789,-6.149999618530273,136.06231689453125,0.0010999999940395,0.0,0.0,0.0,73.09967803955078,0.0,291.6579284667969,0.0,-8.197153091430664,0.0,0.0,0.0999999940395355,0.9067617654800416,0.0,2.419965312583372e-06,50.0,78.1859130859375,12.044093132019045,0.0,23.51066970825196,0.0,50.0,50.0,291.88287353515625,1548.388427734375,58.385623931884766,0.0,74.49786376953125,Reactor Scram,295.4197998046875
5.311516284942627,1.0467547178268433,0.0,71.89657592773438,0.0,0.0,0.0,0.0,298.9446716308594,292.10723876953125,15.469578742980955,1.891036868095398,0.0009795575169846,1.0448343753814695,0.0,516158.75,13.541122436523438,334.3795471191406,0.0,1.0454745292663574,7.924896240234375,42.27206802368164,5.154753125680145e-06,569.19775390625,1756.1741943359375,0.0,0.0,11.7509183883667,1.034000039100647,1.4743211269378662,291.6557922363281,78.1520767211914,0.0,50.0,1.7166231870651243,0.0,161.7211456298828,0.0,0.0,1310.5,0.0,298.9440612792969,42.27230453491211,50.404541015625,0.7716796398162842,1294.0120849609375,298.9446716308594,269.8077392578125,5199747.5,2199.217529296875,17288.01171875,0.0439999997615814,0.0,2639.688720703125,3500.0,1.475126028060913,-4.551656246185303,292.10748291015625,0.0778975561261177,0.0,1,655.1655883789062,0.0,26.21198272705078,0.0,34512.58984375,42.70489883422852,74.495849609375,-6.149999618530273,136.1038055419922,0.0010999999940395,0.0,0.0,0.0,73.12301635742188,0.0,291.6555480957031,0.0,-8.213353157043457,0.0,0.0,0.0999999940395355,0.9067617654800416,0.0,-2.676783594779409e-07,50.0,78.1520767211914,12.094928741455078,0.0,23.48434829711914,0.0,50.0,50.0,291.8801574707031,1548.171630859375,58.31856155395508,0.0,74.49724578857422,Reactor Scram,295.4124755859375
6.619258880615234,1.0467547178268433,0.0,71.92086791992188,0.0,0.0,0.0,0.0,298.9328308105469,292.10430908203125,15.471596717834473,1.8923795223236084,0.0009823194704949,1.0448343753814695,0.0,518256.75,13.53508472442627,334.4031066894531,0.0,1.0454745292663574,7.924896240234375,42.29861831665039,5.154753125680145e-06,572.8900756835938,1756.1766357421875,0.0,0.0,11.738677024841309,1.034000039100647,1.4724215269088743,291.6533203125,78.1186294555664,0.0,50.0,1.7168251276016235,0.0,161.93228149414062,0.0,0.0,1310.5,0.0,298.9322509765625,42.298824310302734,50.33103561401367,0.7716983556747437,1293.9947509765625,298.9328308105469,269.82769775390625,5222699.0,2205.487060546875,17288.01171875,0.0439999997615814,0.0,2639.569091796875,3510.0,1.4732213020324707,-4.568049430847168,292.1044921875,0.0783229619264602,0.0,1,656.804931640625,0.0,25.96421241760254,0.0,34512.58984375,42.64975738525391,74.49504089355469,-6.149999618530273,136.1448211669922,0.0010999999940395,0.0,0.0,0.0,73.14640808105469,0.0,291.6531066894531,0.0,-8.229525566101074,0.0,0.0,0.0999999940395355,0.9067617654800416,0.0,1.5532534689555175e-06,50.0,78.1186294555664,12.14516830444336,0.0,23.4577579498291,0.0,50.0,50.0,291.87744140625,1547.954833984375,58.26095199584961,0.0,74.49663543701172,Reactor Scram,295.4052124023437
7.969441890716553,1.0467547178268433,0.0,71.94486236572266,0.0,0.0,0.0,0.0,298.9211120605469,292.1013488769531,15.473631858825684,1.893447995185852,0.0009849383495748,1.0448343753814695,0.0,520352.8125,13.529518127441406,334.4263916015625,0.0,1.0454745292663574,7.924896240234375,42.32486343383789,5.154753125680145e-06,576.5956420898438,1756.1790771484375,0.0,0.0,11.726225852966309,1.034000039100647,1.470533013343811,291.6508483886719,78.08555603027344,0.0,50.0,1.717027187347412,0.0,162.14158630371094,0.0,0.0,1310.5,0.0,298.9205017089844,42.32503509521485,50.2629508972168,0.771716833114624,1293.9779052734375,298.9211120605469,269.8474426269531,5245648.0,2211.431884765625,17288.01171875,0.0439999997615814,0.0,2639.45068359375,3520.0,1.471337914466858,-4.584415912628174,292.1015014648437,0.0787368640303611,0.0,1,658.4415893554688,0.0,25.71483612060547,0.0,34512.58984375,42.59523391723633,74.49427032470703,-6.149999618530273,136.1853790283203,0.0010999999940395,0.0,0.0,0.0,73.17000579833984,0.0,291.6506652832031,0.0,-8.245672225952148,0.0,0.0,0.0999999940395355,0.9067617654800416,0.0,1.8822859146894189e-06,50.0,78.08555603027344,12.194841384887695,0.0,23.430322647094727,0.0,50.0,50.0,291.8747253417969,1547.738037109375,58.1945915222168,0.0,74.49607849121094,Reactor Scram,295.3979797363281
9.336912155151367,1.0467547178268433,0.0,71.96856689453125,0.0,0.0,0.0,0.0,298.90936279296875,292.0983581542969,15.475679397583008,1.8942863941192627,0.0009874359238892,1.0448343753814695,0.0,522447.03125,13.524435997009276,334.4494323730469,0.0,1.0454745292663574,7.924896240234375,42.35090637207031,5.154753125680145e-06,580.314697265625,1756.1815185546875,0.0,0.0,11.71335220336914,1.034000039100647,1.4686554670333862,291.6484069824219,78.05284881591797,0.0,50.0,1.7172290086746216,0.0,162.35140991210938,0.0,0.0,1310.5,0.0,298.9088134765625,42.35107421875,50.20048904418945,0.7717352509498596,1293.9610595703125,298.90936279296875,269.8669738769531,5268596.0,2217.1015625,17288.01171875,0.0439999997615814,0.0,2639.333740234375,3530.0,1.4694545269012451,-4.600755214691162,292.0985412597656,0.0791409686207771,0.0,1,660.0755004882812,0.0,25.459131240844727,0.0,34512.58984375,42.54071044921875,74.49353790283203,-6.149999618530273,136.22549438476562,0.0010999999940395,0.0,0.0,0.0,73.19374084472656,0.0,291.6482238769531,0.0,-8.261791229248047,0.0,0.0,0.0999999940395355,0.9067617654800416,0.0,2.722135150179384e-06,50.0,78.05284881591797,12.243961334228516,0.0,23.4024658203125,0.0,50.0,50.0,291.8720092773437,1547.521240234375,58.12629318237305,0.0,74.49556732177734,Reactor Scram,295.3907775878906
10.703340530395508,1.0467547178268433,0.0,71.99201202392578,0.0,0.0,0.0,0.0,298.8977355957031,292.09539794921875,15.477743148803713,1.894791841506958,0.0009897582931444,1.0448343753814695,0.0,524539.3125,13.519837379455566,334.47222900390625,0.0,1.0454745292663574,7.924896240234375,42.37667465209961,5.154753125680145e-06,584.0470581054688,1756.1839599609375,0.0,0.0,11.700477600097656,1.034000039100647,1.4667887687683103,291.6459350585937,78.0204849243164,0.0,50.0,1.7174310684204102,0.0,162.55938720703125,0.0,0.0,1310.5,0.0,298.8971252441406,42.37681198120117,50.14374542236328,0.7717536091804504,1293.944091796875,298.8977355957031,269.88629150390625,5291540.5,2222.373291015625,17288.01171875,0.0439999997615814,0.0,2639.2177734375,3540.0,1.4675923585891724,-4.617066383361816,292.0955505371094,0.0795307978987693,0.0,1,661.7066650390625,0.0,25.21111488342285,0.0,34512.58984375,42.48679733276367,74.4928207397461,-6.149999618530273,136.2651824951172,0.0010999999940395,0.0,0.0,0.0,73.21759033203125,0.0,291.6457824707031,0.0,-8.277881622314453,0.0,0.0,0.0999999940395355,0.9067617654800416,0.0,-5.074799446447287e-06,50.0,78.0204849243164,12.292536735534668,0.0,23.37418937683105,0.0,50.0,50.0,291.86932373046875,1547.304443359375,58.03763198852539,0.0,74.49505615234375,Reactor Scram,295.3835754394531
12.048954010009766,1.0467547178268433,0.0,72.01512145996094,0.0,0.0,0.0,0.0,298.8861083984375,292.0924377441406,15.479825019836426,1.8953654766082764,0.0009921119781211,1.0448343753814695,0.0,526629.75,13.515721321105955,334.4947814941406,0.0,1.0454745292663574,7.924896240234375,42.4022102355957,5.154753125680145e-06,587.7926635742188,1756.1864013671875,0.0,0.0,11.686970710754396,1.034000039100647,1.4649327993392944,291.6434936523437,77.98846435546875,0.0,50.0,1.7176330089569092,0.0,162.76788330078125,0.0,0.0,1310.5,0.0,298.8855285644531,42.40234375,50.0926513671875,0.7717719078063965,1293.92724609375,298.8861083984375,269.9053649902344,5314483.0,2227.716552734375,17288.01171875,0.0439999997615814,0.0,2639.10302734375,3550.0,1.4657301902770996,-4.6333513259887695,292.0925598144531,0.0799230635166168,0.0,1,663.3351440429688,0.0,24.970985412597656,0.0,34512.58984375,42.43288803100586,74.49224090576172,-6.149999618530273,136.304443359375,0.0010999999940395,0.0,0.0,0.0,73.24168395996094,0.0,291.6433410644531,0.0,-8.293946266174316,0.0,0.0,0.0999999940395355,0.9067617654800416,0.0,4.511445240495959e-06,50.0,77.98846435546875,12.340601921081545,0.0,23.345064163208008,0.0,50.0,50.0,291.8666076660156,1547.087646484375,57.94611740112305,0.0,74.49468231201172,Reactor Scram,295.3764343261719
13.357561111450195,1.0467547178268433,0.0,72.03797149658203,0.0,0.0,0.0,0.0,298.87457275390625,292.0894470214844,15.481926918029783,1.8958367109298704,0.0009944090852513,1.0448343753814695,0.0,528718.25,13.512078285217283,334.51708984375,0.0,1.0454745292663574,7.924896240234375,42.42753982543945,5.154753125680145e-06,591.5516357421875,1756.1888427734375,0.0,0.0,11.673253059387209,1.034000039100647,1.4630873203277588,291.6410522460937,77.9567642211914,0.0,50.0,1.7178348302841189,0.0,162.9745330810547,0.0,0.0,1310.5,0.0,298.8740234375,42.42763900756836,50.0472412109375,0.771790087223053,1293.910400390625,298.87457275390625,269.9242858886719,5337423.5,2232.930908203125,17288.01171875,0.0439999997615814,0.0,2638.989013671875,3560.0,1.463889241218567,-4.6496100425720215,292.08953857421875,0.0803105756640434,0.0,1,664.9609985351562,0.0,24.721115112304688,0.0,34512.58984375,42.37959289550781,74.49169921875,-6.149999618530273,136.34332275390625,0.0010999999940395,0.0,0.0,0.0,73.26593780517578,0.0,291.64093017578125,0.0,-8.309985160827637,0.0,0.0,0.0999999940395355,0.9067617654800416,0.0,1.4631474414272816e-06,50.0,77.9567642211914,12.388165473937988,0.0,23.31509780883789,0.0,50.0,50.0,291.8638916015625,1546.870849609375,57.8619384765625,0.0,74.4943618774414,Reactor Scram,295.3692932128906
14.619115829467772,1.0467547178268433,0.0,72.06055450439453,0.0,0.0,0.0,0.0,298.8630676269531,292.0864562988281,15.48404598236084,1.8963239192962649,0.0009967106161639,1.0448343753814695,0.0,530804.8125,13.508893966674805,334.5391845703125,0.0,1.0454745292663574,7.924896240234375,42.45266342163086,5.154753125680145e-06,595.32373046875,1756.1912841796875,0.0,0.0,11.659111976623535,1.034000039100647,1.4612523317337036,291.6386108398437,77.92536163330078,0.0,50.0,1.7180367708206177,0.0,163.18165588378906,0.0,0.0,1310.5,0.0,298.86248779296875,42.45273208618164,50.00714492797852,0.7718082070350647,1293.8935546875,298.8630676269531,269.94305419921875,5360361.5,2238.155029296875,17288.01171875,0.0439999997615814,0.0,2638.87646484375,3570.0,1.4620484113693235,-4.665842533111572,292.0865173339844,0.0806983113288879,0.0,1,666.584228515625,0.0,24.458885192871094,0.0,34512.58984375,42.32630157470703,74.49124145507812,-6.149999618530273,136.3818359375,0.0010999999940395,0.0,0.0,0.0,73.29046630859375,0.0,291.6385192871094,0.0,-8.325997352600098,0.0,0.0,0.0999999940395355,0.9067617654800416,0.0,-5.0644189286686014e-06,50.0,77.92536163330078,12.435288429260254,0.0,23.283864974975582,0.0,50.0,50.0,291.8611755371094,1546.654052734375,57.79286956787109,0.0,74.4941177368164,Reactor Scram,295.3621826171875
15.818538665771484,1.0467547178268433,0.0,72.0828857421875,0.0,0.0,0.0,0.0,298.8515319824219,292.0834655761719,15.48617935180664,1.896769881248474,0.0009989865357056,1.0448343753814695,0.0,532889.5625,13.506155967712402,334.56109619140625,0.0,1.0454745292663574,7.924896240234375,42.47758865356445,5.154753125680145e-06,599.109375,1756.1937255859375,0.0,0.0,11.644550323486328,1.034000039100647,1.4594277143478394,291.6361694335937,77.8942642211914,0.0,50.0,1.7182385921478271,0.0,163.38931274414062,0.0,0.0,1310.5,0.0,298.8509521484375,42.47762298583984,49.9724006652832,0.7718263864517212,1293.8765869140625,298.8515319824219,269.9615783691406,5383297.5,2243.322021484375,17288.01171875,0.0439999997615814,0.0,2638.764892578125,3580.0,1.460207462310791,-4.682047367095947,292.08349609375,0.0810838490724563,0.0,1,668.2047119140625,0.0,24.217103958129883,0.0,34512.58984375,42.27300643920898,74.4908447265625,-6.149999618530273,136.41998291015625,0.0010999999940395,0.0,0.0,0.0,73.31510162353516,0.0,291.6361083984375,0.0,-8.341981887817383,0.0,0.0,0.0999999940395355,0.9067617654800416,0.0,4.082253781234613e-06,50.0,77.8942642211914,12.481959342956545,0.0,23.25263214111328,0.0,50.0,50.0,291.85845947265625,1546.437255859375,57.70359420776367,0.0,74.49391174316406,Reactor Scram,295.3550720214844
16.94999885559082,1.0467547178268433,0.0,72.10497283935547,0.0,0.0,0.0,0.0,298.84002685546875,292.0804443359375,15.488332748413086,1.8972840309143064,0.0010012937709689,1.0448343753814695,0.0,534972.375,13.50383758544922,334.5827941894531,0.0,1.0454745292663574,7.924896240234375,42.5023078918457,5.154753125680145e-06,602.9080200195312,1756.1961669921875,0.0,0.0,11.629354476928713,1.034000039100647,1.4576135873794556,291.6337585449219,77.86343383789062,0.0,50.0,1.7184405326843262,0.0,163.5966796875,0.0,0.0,1310.5,0.0,298.8394470214844,42.50234222412109,49.94272232055664,0.7718445062637329,1293.859619140625,298.84002685546875,269.9799499511719,5406231.0,2248.5595703125,17288.01171875,0.0439999997615814,0.0,2638.654052734375,3590.0,1.4583735466003418,-4.698225975036621,292.0805053710937,0.0814717933535575,0.0,1,669.8225708007812,0.0,23.982521057128903,0.0,34512.58984375,42.219913482666016,74.49052429199219,-6.149999618530273,136.45779418945312,0.0010999999940395,0.0,0.0,0.0,73.33992767333984,0.0,291.6337280273437,0.0,-8.357940673828125,0.0,0.0,0.0999999940395355,0.9067617654800416,0.0,8.881596045284823e-07,50.0,77.86343383789062,12.528200149536133,0.0,23.22013282775879,0.0,50.0,50.0,291.8557434082031,1546.220458984375,57.612060546875,0.0,74.49378967285156,Reactor Scram,295.34796142578125
18.004985809326172,1.0467547178268433,0.0,72.12679290771484,0.0,0.0,0.0,0.0,298.82867431640625,292.07745361328125,15.49050521850586,1.898198366165161,0.0010038070613518,1.0448343753814695,0.0,537053.375,13.50191593170166,334.6043395996094,0.0,1.0454745292663574,7.924896240234375,42.52688980102539,5.154753125680145e-06,606.719970703125,1756.1986083984375,0.0,0.0,11.613526344299316,1.034000039100647,1.4558095932006836,291.63134765625,77.83285522460938,0.0,50.0,1.7186423540115356,0.0,163.80136108398438,0.0,0.0,1310.5,0.0,298.8280944824219,42.52688980102539,49.91784286499024,0.7718623876571655,1293.8428955078125,298.82867431640625,269.9981689453125,5429162.5,2254.2646484375,17288.01171875,0.0439999997615814,0.0,2638.5439453125,3600.0,1.4565680027008057,-4.714377403259277,292.07745361328125,0.081876553595066,0.0,1,671.437744140625,0.0,23.76873588562012,0.0,34512.58984375,42.16764450073242,74.4903564453125,-6.149999618530273,136.4952850341797,0.0010999999940395,0.0,0.0,0.0,73.36502075195312,0.0,291.63134765625,0.0,-8.373871803283691,0.0,0.0,0.0999999940395355,0.9067617654800416,0.0,2.940917283922317e-06,50.0,77.83285522460938,12.574058532714844,0.0,23.18636703491211,0.0,50.0,50.0,291.85302734375,1546.003662109375,57.518890380859375,0.0,74.49378967285156,Reactor Scram,295.3409118652344
18.98114776611328,1.0467547178268433,0.0,72.14842987060547,0.0,0.0,0.0,0.0,298.8173828125,292.07440185546875,15.492694854736328,1.899203181266785,0.001006364240311,1.0448343753814695,0.0,539132.5,13.50036334991455,334.6257019042969,0.0,1.0454745292663574,7.924896240234375,42.55130386352539,5.154753125680145e-06,610.5452270507812,1756.2010498046875,0.0,0.0,11.597275733947754,1.034000039100647,1.454015612602234,291.62896728515625,77.8025131225586,0.0,50.0,1.7188440561294556,0.0,164.00494384765625,0.0,0.0,1310.5,0.0,298.8168029785156,42.55130386352539,49.89739990234375,0.7718802094459534,1293.8262939453125,298.8173828125,270.0162658691406,5452091.5,2260.069580078125,17288.01171875,0.0439999997615814,0.0,2638.434814453125,3610.0,1.454776644706726,-4.730503559112549,292.07440185546875,0.0822849050164222,0.0,1,673.0503540039062,0.0,23.561691284179688,0.0,34512.58984375,42.11578369140625,74.49024200439453,-6.149999618530273,136.53250122070312,0.0010999999940395,0.0,0.0,0.0,73.3902816772461,0.0,291.62896728515625,0.0,-8.389779090881348,0.0,0.0,0.0999999940395355,0.9067617654800416,0.0,2.809540092130192e-06,50.0,77.8025131225586,12.61955451965332,0.0,23.15217971801757,0.0,50.0,50.0,291.8503112792969,1545.786865234375,57.42464065551758,0.0,74.49382781982422,Reactor Scram,295.3339233398437
19.874876022338867,1.0467547178268433,0.0,72.16983032226562,0.0,0.0,0.0,0.0,298.8061218261719,292.0713806152344,15.494903564453123,1.900607705116272,0.0010091286385431,1.0448343753814695,0.0,541209.75,13.499151229858398,334.6469116210937,0.0,1.0454745292663574,7.924896240234375,42.57558441162109,5.154753125680145e-06,614.3837280273438,1756.2034912109375,0.0,0.0,11.580391883850098,1.034000039100647,1.4522314071655271,291.6265563964844,77.77239227294922,0.0,50.0,1.7190459966659546,0.0,164.2082061767578,0.0,0.0,1310.5,0.0,298.8055419921875,42.5755500793457,49.88109970092773,0.7718979120254517,1293.8096923828125,298.8061218261719,270.03424072265625,5475018.0,2266.3447265625,17288.01171875,0.0439999997615814,0.0,2638.326416015625,3620.0,1.4529924392700195,-4.746603488922119,292.07135009765625,0.082710362970829,0.0,1,674.6603393554688,0.0,23.365596771240234,0.0,34512.58984375,42.06413269042969,74.4902572631836,-6.149999618530273,136.5694580078125,0.0010999999940395,0.0,0.0,0.0,73.41581726074219,0.0,291.6265869140625,0.0,-8.405659675598145,0.0,0.0,0.0999999940395355,0.9067617654800416,0.0,-4.9342420425091404e-06,50.0,77.77239227294922,12.664721488952637,0.0,23.116724014282227,0.0,50.0,50.0,291.8475952148437,1545.570068359375,57.33821868896485,0.0,74.49398803710938,Reactor Scram,295.32696533203125
20.68633270263672,1.0467547178268433,0.0,72.19107818603516,0.0,0.0,0.0,0.0,298.7948913574219,292.0683288574219,15.497130393981934,1.9021614789962769,0.001011969638057,1.0448343753814695,0.0,543284.9375,13.498252868652344,334.6679992675781,0.0,1.0454745292663574,7.924896240234375,42.599727630615234,5.154753125680145e-06,618.2353515625,1756.2059326171875,0.0,0.0,11.5632963180542,1.034000039100647,1.4504573345184326,291.6241760253906,77.74246215820312,0.0,50.0,1.7192476987838743,0.0,164.41114807128906,0.0,0.0,1310.5,0.0,298.7943115234375,42.59969329833984,49.86874008178711,0.77191561460495,1293.7928466796875,298.7948913574219,270.05206298828125,5497943.0,2272.7939453125,17288.01171875,0.0439999997615814,0.0,2638.218505859375,3630.0,1.4512152671813965,-4.7626776695251465,292.0682983398437,0.0831422135233879,0.0,1,676.2677612304688,0.0,23.19449615478516,0.0,34512.58984375,42.0126838684082,74.49030303955078,-6.149999618530273,136.60617065429688,0.0010999999940395,0.0,0.0,0.0,73.44147491455078,0.0,291.62420654296875,0.0,-8.421513557434082,0.0,0.0,0.0999999940395355,0.9067617654800416,0.0,2.86851013697742e-06,50.0,77.74246215820312,12.709574699401855,0.0,23.08127212524414,0.0,50.0,50.0,291.84490966796875,1545.353271484375,57.23473739624024,0.0,74.49415588378906,Reactor Scram,295.3199768066406
21.413551330566406,1.0467547178268433,0.0,72.21212768554688,0.0,0.0,0.0,0.0,298.78375244140625,292.0652770996094,15.499378204345703,1.9040535688400269,0.0010149871231988,1.0448343753814695,0.0,545358.4375,13.497633934020996,334.6889343261719,0.0,1.0454745292663574,7.924896240234375,42.62373352050781,5.154753125680145e-06,622.1001586914062,1756.2083740234375,0.0,0.0,11.54556941986084,1.034000039100647,1.448693037033081,291.621826171875,77.71273803710938,0.0,50.0,1.719449520111084,0.0,164.6129913330078,0.0,0.0,1310.5,0.0,298.7831726074219,42.62366485595703,49.85972213745117,0.7719331383705139,1293.776123046875,298.78375244140625,270.0697631835937,5520865.5,2279.64453125,17288.01171875,0.0439999997615814,0.0,2638.111328125,3640.0,1.4494521617889404,-4.778725624084473,292.065185546875,0.0835888311266899,0.0,1,677.87255859375,0.0,23.028535842895508,0.0,34512.58984375,41.96163940429688,74.49044799804688,-6.149999618530273,136.6426239013672,0.0010999999940395,0.0,0.0,0.0,73.46742248535156,0.0,291.62188720703125,0.0,-8.437342643737793,0.0,0.0,0.0999999940395355,0.9067617654800416,0.0,-2.226361402790644e-06,50.0,77.71273803710938,12.754133224487305,0.0,23.044551849365234,0.0,50.0,50.0,291.8421936035156,1545.136474609375,57.14191055297852,0.0,74.4944076538086,Reactor Scram,295.31304931640625
22.056734085083008,1.0467547178268433,0.0,72.23301696777344,0.0,0.0,0.0,0.0,298.77264404296875,292.06231689453125,15.501642227172852,1.9062987565994265,0.0010181904071941,1.0448343753814695,0.0,547430.0,13.497269630432127,334.7097473144531,0.0,1.0454745292663574,7.924896240234375,42.64750289916992,5.154753125680145e-06,625.97802734375,1756.2108154296875,0.0,0.0,11.52847385406494,1.034000039100647,1.4469382762908936,291.6195373535156,77.68318176269531,0.0,50.0,1.7196362018585205,0.0,164.81771850585938,0.0,0.0,1310.5,0.0,298.7721252441406,42.64743423461914,49.85380935668945,0.7719506621360779,1293.760498046875,298.77264404296875,270.0873718261719,5543785.5,2286.91552734375,17288.01171875,0.0439999997615814,0.0,2638.004638671875,3650.0,1.447667956352234,-4.794747829437256,292.062255859375,0.0840510576963424,0.0,1,679.4747924804688,0.0,22.876583099365234,0.0,34512.58984375,41.90998840332031,74.49065399169922,-6.149999618530273,136.6788787841797,0.0010999999940395,0.0,0.0,0.0,73.49360656738281,0.0,291.6195983886719,0.0,-8.453161239624023,0.0,0.0,0.0999999940395355,0.9067617654800416,0.0,5.085849807073828e-06,50.0,77.68318176269531,12.798426628112791,0.0,23.009519577026367,0.0,50.0,50.0,291.83966064453125,1544.919677734375,57.05132675170898,0.0,74.49471282958984,Reactor Scram,295.30621337890625
22.62086296081543,1.0467547178268433,0.0,72.25370025634766,0.0,0.0,0.0,0.0,298.7621765136719,292.0597839355469,15.503926277160645,1.9089511632919312,0.0010216091759502,1.0448343753814695,0.0,549499.625,13.497133255004885,334.7303771972656,0.0,1.0454745292663574,7.924896240234375,42.67066192626953,5.154753125680145e-06,629.8692626953125,1756.2132568359375,0.0,0.0,11.51412296295166,1.034000039100647,1.4451932907104492,291.6175537109375,77.65386962890625,0.0,50.0,1.7197874784469604,0.0,165.0205078125,0.0,0.0,1310.5,0.0,298.7616271972656,42.67059326171875,49.85080337524414,0.7719671130180359,1293.7474365234375,298.7621765136719,270.1048278808594,5566703.5,2294.676025390625,17288.01171875,0.0439999997615814,0.0,2637.89892578125,3660.0,1.4459048509597778,-4.810744285583496,292.0596923828125,0.0845314785838127,0.0,1,681.0744018554688,0.0,22.74367904663086,0.0,34512.58984375,41.85894393920898,74.49095916748047,-6.149999618530273,136.71484375,0.0010999999940395,0.0,0.0,0.0,73.52000427246094,0.0,291.6176147460937,0.0,-8.468989372253418,0.0,0.0,0.0999999940395355,0.9067617654800416,0.0,-1.2224927559145726e-06,50.0,77.65386962890625,12.842350959777832,0.0,22.9799747467041,0.0,50.0,50.0,291.837646484375,1544.702880859375,56.959999084472656,0.0,74.49508666992188,Reactor Scram,295.2999572753906
23.10791015625,1.0467547178268433,0.0,72.27412414550781,0.0,0.0,0.0,0.0,298.7518310546875,292.05743408203125,15.506227493286133,1.91227126121521,0.0010253827786073,1.0448343753814695,0.0,551567.5,13.497191429138184,334.7508544921875,0.0,1.0454745292663574,7.924896240234375,42.6934814453125,5.154753125680145e-06,633.7735595703125,1756.2156982421875,0.0,0.0,11.499138832092283,1.034000039100647,1.4434577226638794,291.6158142089844,77.62480163574219,0.0,50.0,1.7199387550354004,0.0,165.22055053710938,0.0,0.0,1310.5,0.0,298.75128173828125,42.69341659545898,49.85023880004883,0.7719834446907043,1293.7344970703125,298.7518310546875,270.1221618652344,5589619.0,2303.241943359375,17288.01171875,0.0439999997615814,0.0,2637.7939453125,3670.0,1.4441701173782349,-4.826714515686035,292.057373046875,0.0850418955087661,0.0,1,682.6714477539062,0.0,22.62449836730957,0.0,34512.58984375,41.80872344970703,74.49137878417969,-6.149999618530273,136.75048828125,0.0010999999940395,0.0,0.0,0.0,73.54667663574219,0.0,291.6158752441406,0.0,-8.48479175567627,0.0,0.0,0.0999999940395355,0.9067617654800416,0.0,-2.570085825936985e-06,50.0,77.62480163574219,12.88589096069336,0.0,22.94916343688965,0.0,50.0,50.0,291.8356018066406,1544.486083984375,56.88385009765625,0.0,74.49556732177734,Reactor Scram,295.2937927246094
23.52083206176757,1.0467547178268433,0.0,72.29435729980469,0.0,0.0,0.0,0.0,298.74151611328125,292.0550842285156,15.508543014526367,1.9159862995147705,0.0010293676750734,1.0448343753814695,0.0,553633.5,13.49742031097412,334.7711486816406,0.0,1.0454745292663574,7.924896240234375,42.71613311767578,5.154753125680145e-06,637.6907958984375,1756.2181396484375,0.0,0.0,11.483732223510742,1.034000039100647,1.4417314529418943,291.61407470703125,77.59597778320312,0.0,50.0,1.7200900316238403,0.0,165.42022705078125,0.0,0.0,1310.5,0.0,298.74102783203125,42.716064453125,49.85183334350586,0.7719996571540833,1293.721435546875,298.74151611328125,270.1392822265625,5612533.0,2312.28857421875,17288.01171875,0.0439999997615814,0.0,2637.689697265625,3680.0,1.442442536354065,-4.8426594734191895,292.0550231933594,0.0855705067515373,0.0,1,684.2659301757812,0.0,22.519550323486328,0.0,34512.58984375,41.75871276855469,74.49185180664062,-6.149999618530273,136.78582763671875,0.0010999999940395,0.0,0.0,0.0,73.57352447509766,0.0,291.6141357421875,0.0,-8.500569343566895,0.0,0.0,0.0999999940395355,0.9067617654800416,0.0,4.047145012009423e-06,50.0,77.59597778320312,12.92906665802002,0.0,22.917932510375977,0.0,50.0,50.0,291.83355712890625,1544.269775390625,56.81071090698242,0.0,74.4960708618164,Reactor Scram,295.2876281738281
23.86383628845215,1.0467547178268433,0.0,72.31442260742188,0.0,0.0,0.0,0.0,298.73126220703125,292.05279541015625,15.510869979858398,1.9200118780136108,0.0010335210245102,1.0448343753814695,0.0,555697.625,13.49779224395752,334.791259765625,0.0,1.0454745292663574,7.924896240234375,42.738582611083984,5.154753125680145e-06,641.621337890625,1756.2205810546875,0.0,0.0,11.4683256149292,1.034000039100647,1.4400146007537842,291.6123046875,77.5673828125,0.0,50.0,1.7202413082122805,0.0,165.61956787109375,0.0,0.0,1310.5,0.0,298.7307434082031,42.73847961425781,49.85525131225586,0.7720158100128174,1293.7083740234375,298.73126220703125,270.1563415527344,5635444.0,2321.716552734375,17288.01171875,0.0439999997615814,0.0,2637.58642578125,3690.0,1.4407219886779783,-4.858579158782959,292.0526733398437,0.0861137583851814,0.0,1,685.85791015625,0.0,22.42761993408203,0.0,34512.58984375,41.70890045166016,74.4923324584961,-6.149999618530273,136.82090759277344,0.0010999999940395,0.0,0.0,0.0,73.60053253173828,0.0,291.6124267578125,0.0,-8.516322135925293,0.0,0.0,0.0999999940395355,0.9067617654800416,0.0,-1.5256665619745036e-06,50.0,77.5673828125,12.971882820129396,0.0,22.887121200561523,0.0,50.0,50.0,291.83154296875,1544.0552978515625,56.7381477355957,0.0,74.49657440185547,Reactor Scram,295.28143310546875
24.14203453063965,1.0467547178268433,0.0,72.33431243896484,0.0,0.0,0.0,0.0,298.7210388183594,292.0504455566406,15.513214111328123,1.924344182014465,0.0010378414299339,1.0448343753814695,0.0,557759.875,13.498282432556152,334.8112487792969,0.0,1.0454745292663574,7.924896240234375,42.76089096069336,5.154753125680145e-06,645.5650024414062,1756.2230224609375,0.0,0.0,11.452919006347656,1.034000039100647,1.4383070468902588,291.610595703125,77.53903198242188,0.0,50.0,1.7203925848007202,0.0,165.8177490234375,0.0,0.0,1310.5,0.0,298.7205505371094,42.76079177856445,49.86015319824219,0.7720319032669067,1293.6954345703125,298.7210388183594,270.1731872558594,5658354.0,2331.52392578125,17288.01171875,0.0439999997615814,0.0,2637.48388671875,3700.0,1.439015507698059,-4.8744730949401855,292.05035400390625,0.0866716802120208,0.0,1,687.4473266601562,0.0,22.34432029724121,0.0,34512.58984375,41.65950012207031,74.4928207397461,-6.149999618530273,136.85568237304688,0.0010999999940395,0.0,0.0,0.0,73.62775421142578,0.0,291.6106872558594,0.0,-8.532048225402832,0.0,0.0,0.0999999940395355,0.9067617654800416,0.0,4.871777946391376e-06,50.0,77.53903198242188,13.014361381530762,0.0,22.855886459350582,0.0,50.0,50.0,291.8294982910156,1543.8406982421875,56.67020797729492,0.0,74.49707794189453,Reactor Scram,295.2753295898437
24.35953140258789,1.0467547178268433,0.0,72.35405731201172,0.0,0.0,0.0,0.0,298.7108764648437,292.048095703125,15.51557159423828,1.92900025844574,0.0010423391358926,1.0448343753814695,0.0,559820.3125,13.49886989593506,334.8310852050781,0.0,1.0454745292663574,7.924896240234375,42.78303527832031,5.154753125680145e-06,649.521728515625,1756.2254638671875,0.0,0.0,11.437512397766112,1.034000039100647,1.4366085529327393,291.6088562011719,77.51087951660156,0.0,50.0,1.7205438613891602,0.0,166.01556396484375,0.0,0.0,1310.5,0.0,298.7103576660156,42.78296661376953,49.86632537841797,0.7720479369163513,1293.6824951171875,298.7108764648437,270.18994140625,5681261.0,2341.733642578125,17288.01171875,0.0439999997615814,0.0,2637.3818359375,3710.0,1.4373161792755127,-4.890342712402344,292.04803466796875,0.0872451663017273,0.0,1,689.0342407226562,0.0,22.2741641998291,0.0,34512.58984375,41.61030197143555,74.49332427978516,-6.149999618530273,136.8902130126953,0.0010999999940395,0.0,0.0,0.0,73.6551284790039,0.0,291.6089172363281,0.0,-8.547750473022461,0.0,0.0,0.0999999940395355,0.9067617654800416,0.0,1.3679988342119032e-06,50.0,77.51087951660156,13.056495666503906,0.0,22.825075149536133,0.0,50.0,50.0,291.82745361328125,1543.6260986328125,56.60290145874024,0.0,74.4975814819336,Reactor Scram,295.26922607421875
24.52075958251953,1.0467547178268433,0.0,72.37364196777344,0.0,0.0,0.0,0.0,298.7007141113281,292.0457763671875,15.517939567565918,1.9338525533676147,0.0010469461558386,1.0448343753814695,0.0,561878.8125,13.49953556060791,334.8507385253906,0.0,1.0454745292663574,7.924896240234375,42.8050422668457,5.154753125680145e-06,653.491455078125,1756.2279052734375,0.0,0.0,11.421895027160645,1.034000039100647,1.4349191188812256,291.60711669921875,77.48295593261719,0.0,50.0,1.7206951379776,0.0,166.21380615234375,0.0,0.0,1310.5,0.0,298.7001953125,42.80497360229492,49.87349319458008,0.7720639109611511,1293.66943359375,298.7007141113281,270.2065734863281,5704165.0,2352.192138671875,17288.01171875,0.0439999997615814,0.0,2637.28076171875,3720.0,1.435616970062256,-4.906185626983643,292.04571533203125,0.0878286138176918,0.0,1,690.6185913085938,0.0,22.215450286865234,0.0,34512.58984375,41.56111145019531,74.49380493164062,-6.149999618530273,136.92446899414062,0.0010999999940395,0.0,0.0,0.0,73.68264770507812,0.0,291.6072082519531,0.0,-8.56342601776123,0.0,0.0,0.0999999940395355,0.9067617654800416,0.0,1.545182499285147e-06,50.0,77.48295593261719,13.098306655883787,0.0,22.79426383972168,0.0,50.0,50.0,291.825439453125,1543.4114990234375,56.53258514404297,0.0,74.49805450439453,Reactor Scram,295.2631225585937
24.632253646850582,1.0467547178268433,0.0,72.3930892944336,0.0,0.0,0.0,0.0,298.6905212402344,292.0434265136719,15.520320892333984,1.938868522644043,0.0010516464244574,1.0448343753814695,0.0,563935.375,13.50025749206543,334.8702392578125,0.0,1.0454745292663574,7.924896240234375,42.82687759399414,5.154753125680145e-06,657.4742431640625,1756.2303466796875,0.0,0.0,11.406699180603027,1.034000039100647,1.4332387447357178,291.6054077148437,77.45525360107422,0.0,50.0,1.72084641456604,0.0,166.41253662109375,0.0,0.0,1310.5,0.0,298.6900329589844,42.82680892944336,49.88144302368164,0.7720800042152405,1293.65673828125,298.6905212402344,270.2230529785156,5727067.5,2362.861572265625,17288.01171875,0.0439999997615814,0.0,2637.18017578125,3730.0,1.4339176416397097,-4.9220051765441895,292.0433654785156,0.0884207040071487,0.0,1,692.2005004882812,0.0,22.163503646850582,0.0,34512.58984375,41.51191711425781,74.49427032470703,-6.149999618530273,136.95843505859375,0.0010999999940395,0.0,0.0,0.0,73.71029663085938,0.0,291.60546875,0.0,-8.579078674316406,0.0,0.0,0.0999999940395355,0.9067617654800416,0.0,2.1131518224137835e-06,50.0,77.45525360107422,13.139772415161133,0.0,22.76387405395508,0.0,50.0,50.0,291.8233947753906,1543.1968994140625,56.462520599365234,0.0,74.49848937988281,Reactor Scram,295.25701904296875
24.69695854187012,1.0467547178268433,0.0,72.41239166259766,0.0,0.0,0.0,0.0,298.680419921875,292.04107666015625,15.522716522216797,1.9440909624099727,0.0010564626427367,1.0448343753814695,0.0,565990.4375,13.501019477844238,334.8896179199219,0.0,1.0454745292663574,7.924896240234375,42.84857940673828,5.154753125680145e-06,661.4701538085938,1756.2327880859375,0.0,0.0,11.391504287719728,1.034000039100647,1.4315671920776367,291.6036682128906,77.42777252197266,0.0,50.0,1.72099769115448,0.0,166.6100616455078,0.0,0.0,1310.5,0.0,298.6799621582031,42.8485107421875,49.8899040222168,0.7720959186553955,1293.6436767578125,298.680419921875,270.2394104003906,5749968.5,2373.794921875,17288.01171875,0.0439999997615814,0.0,2637.08056640625,3740.0,1.4322324991226196,-4.937798500061035,292.041015625,0.0890234261751174,0.0,1,693.7798461914062,0.0,22.11461639404297,0.0,34512.58984375,41.46313095092773,74.49472045898438,-6.149999618530273,136.9921417236328,0.0010999999940395,0.0,0.0,0.0,73.7381362915039,0.0,291.6037292480469,0.0,-8.594704627990723,0.0,0.0,0.0999999940395355,0.9067617654800416,0.0,2.213600510003744e-06,50.0,77.42777252197266,13.18088722229004,0.0,22.73390769958496,0.0,50.0,50.0,291.82135009765625,1542.9822998046875,56.39803314208984,0.0,74.49890899658203,Reactor Scram,295.2509155273437
24.72093391418457,1.0467547178268433,0.0,72.4315185546875,0.0,0.0,0.0,0.0,298.67041015625,292.0387878417969,15.525120735168455,1.9494988918304443,0.0010613844497129,1.0448343753814695,0.0,568043.3125,13.501811027526855,334.9087829589844,0.0,1.0454745292663574,7.924896240234375,42.870079040527344,5.154753125680145e-06,665.47900390625,1756.2352294921875,0.0,0.0,11.376309394836426,1.034000039100647,1.4299043416976929,291.6018981933594,77.40052032470703,0.0,50.0,1.7211488485336304,0.0,166.80555725097656,0.0,0.0,1310.5,0.0,298.6699523925781,42.87001037597656,49.89881134033203,0.7721116542816162,1293.630859375,298.67041015625,270.255615234375,5772866.0,2384.967529296875,17288.01171875,0.0439999997615814,0.0,2636.981689453125,3750.0,1.4305685758590698,-4.9535675048828125,292.0387268066406,0.0896359160542488,0.0,1,695.3567504882812,0.0,22.07719039916992,0.0,34512.58984375,41.41495895385742,74.49515533447266,-6.149999618530273,137.0255584716797,0.0010999999940395,0.0,0.0,0.0,73.76606750488281,0.0,291.6019897460937,0.0,-8.610306739807129,0.0,0.0,0.0999999940395355,0.9067617654800416,0.0,-5.15530473421677e-06,50.0,77.40052032470703,13.221673965454102,0.0,22.703941345214844,0.0,50.0,50.0,291.8193359375,1542.7677001953125,56.32978820800781,0.0,74.49929809570312,Reactor Scram,295.24493408203125
24.71044158935547,1.0467547178268433,0.0,72.45052337646484,0.0,0.0,0.0,0.0,298.6604919433594,292.03643798828125,15.527539253234863,1.9550716876983645,0.001066401368007,1.0448343753814695,0.0,570094.4375,13.502609252929688,334.9278259277344,0.0,1.0454745292663574,7.924896240234375,42.89144134521485,5.154753125680145e-06,669.5010375976562,1756.2376708984375,0.0,0.0,11.361324310302734,1.034000039100647,1.428250432014465,291.6001892089844,77.37348937988281,0.0,50.0,1.7213001251220703,0.0,166.99984741210938,0.0,0.0,1310.5,0.0,298.65997314453125,42.89137268066406,49.90789031982422,0.7721273303031921,1293.617919921875,298.6604919433594,270.2716979980469,5795762.5,2396.356201171875,17288.01171875,0.0439999997615814,0.0,2636.88330078125,3760.0,1.4289188385009766,-4.969311237335205,292.036376953125,0.0902573615312576,0.0,1,696.93115234375,0.0,22.046703338623047,0.0,34512.58984375,41.3671989440918,74.49557495117188,-6.149999618530273,137.0587158203125,0.0010999999940395,0.0,0.0,0.0,73.79415893554688,0.0,291.6002502441406,0.0,-8.625884056091309,0.0,0.0,0.0999999940395355,0.9067617654800416,0.0,-8.400566571253876e-07,50.0,77.37348937988281,13.262121200561523,0.0,22.67439651489257,0.0,50.0,50.0,291.8172912597656,1542.5531005859375,56.26139450073242,0.0,74.49967956542969,Reactor Scram,295.2389221191406
24.666942596435547,1.0467547178268433,0.0,72.46937561035156,0.0,0.0,0.0,0.0,298.6505432128906,292.0341491699219,15.529969215393066,1.9607847929000848,0.001071500359103,1.0448343753814695,0.0,572143.75,13.503409385681152,334.9467163085937,0.0,1.0454745292663574,7.924896240234375,42.91263198852539,5.154753125680145e-06,673.5360107421875,1756.2401123046875,0.0,0.0,11.34634017944336,1.034000039100647,1.4266048669815063,291.5984191894531,77.34666442871094,0.0,50.0,1.7214514017105105,0.0,167.19459533691406,0.0,0.0,1310.5,0.0,298.65008544921875,42.91256332397461,49.9170036315918,0.7721429467201233,1293.60498046875,298.6505432128906,270.28765869140625,5818656.5,2407.93115234375,17288.01171875,0.0439999997615814,0.0,2636.785888671875,3770.0,1.4272689819335938,-4.985030651092529,292.0340576171875,0.0908866971731185,0.0,1,698.5030517578125,0.0,22.018510818481445,0.0,34512.58984375,41.319435119628906,74.4959716796875,-6.149999618530273,137.09161376953125,0.0010999999940395,0.0,0.0,0.0,73.8224105834961,0.0,291.5984802246094,0.0,-8.641435623168945,0.0,0.0,0.0999999940395355,0.9067617654800416,0.0,-2.706702161958674e-06,50.0,77.34666442871094,13.30224895477295,0.0,22.6452751159668,0.0,50.0,50.0,291.81524658203125,1542.3385009765625,56.19644927978516,0.0,74.50001525878906,Reactor Scram,295.23297119140625
24.596092224121094,1.0467547178268433,0.0,72.48807525634766,0.0,0.0,0.0,0.0,298.64068603515625,292.03179931640625,15.532414436340332,1.9666924476623533,0.0010767115745693,1.0448343753814695,0.0,574191.375,13.504201889038086,334.9654235839844,0.0,1.0454745292663574,7.924896240234375,42.93365478515625,5.154753125680145e-06,677.5838012695312,1756.2425537109375,0.0,0.0,11.33156681060791,1.034000039100647,1.424968123435974,291.5966796875,77.32007598876953,0.0,50.0,1.721602439880371,0.0,167.38807678222656,0.0,0.0,1310.5,0.0,298.64019775390625,42.93362045288086,49.926116943359375,0.7721585035324097,1293.5921630859375,298.64068603515625,270.303466796875,5841547.0,2419.760498046875,17288.01171875,0.0439999997615814,0.0,2636.689208984375,3780.0,1.425633430480957,-5.000725269317627,292.0317687988281,0.0915265157818794,0.0,1,700.072509765625,0.0,21.993331909179688,0.0,34512.58984375,41.27208709716797,74.4963607788086,-6.149999618530273,137.12423706054688,0.0010999999940395,0.0,0.0,0.0,73.85083770751953,0.0,291.5967102050781,0.0,-8.656964302062988,0.0,0.0,0.0999999940395355,0.9067617654800416,0.0,-2.1798450688947923e-06,50.0,77.32007598876953,13.342044830322266,0.0,22.61614990234375,0.0,50.0,50.0,291.813232421875,1542.1239013671875,56.13629913330078,0.0,74.50035095214844,Reactor Scram,295.2269897460937
24.50279426574707,1.0467547178268433,0.0,72.50662231445312,0.0,0.0,0.0,0.0,298.630859375,292.02947998046875,15.534870147705078,1.9728411436080933,0.0010820605093613,1.0448343753814695,0.0,576237.0,13.504975318908691,334.9840393066406,0.0,1.0454745292663574,7.924896240234375,42.9546127319336,5.154753125680145e-06,681.6448974609375,1756.2449951171875,0.0,0.0,11.316582679748535,1.034000039100647,1.4233397245407104,291.59490966796875,77.2936782836914,0.0,50.0,1.721753716468811,0.0,167.5811767578125,0.0,0.0,1310.5,0.0,298.63037109375,42.95454406738281,49.93503189086914,0.7721740007400513,1293.579345703125,298.630859375,270.31915283203125,5864437.5,2431.90283203125,17288.01171875,0.0439999997615814,0.0,2636.59326171875,3790.0,1.4240049123764038,-5.016395092010498,292.0294189453125,0.0921790823340416,0.0,1,701.6395263671875,0.0,21.976167678833008,0.0,34512.58984375,41.22494125366211,74.49674987792969,-6.149999618530273,137.1566162109375,0.0010999999940395,0.0,0.0,0.0,73.87942504882812,0.0,291.5950012207031,0.0,-8.672467231750488,0.0,0.0,0.0999999940395355,0.9067617654800416,0.0,-1.6913558056330658e-06,50.0,77.2936782836914,13.381492614746094,0.0,22.58660697937012,0.0,50.0,50.0,291.8111877441406,1541.909423828125,56.07769775390625,0.0,74.50068664550781,Reactor Scram,295.2210998535156
24.389083862304688,1.0467547178268433,0.0,72.52499389648438,0.0,0.0,0.0,0.0,298.6211853027344,292.0273132324219,15.537335395812988,1.979223370552063,0.001087543554604,1.0448343753814695,0.0,578280.8125,13.505722999572754,335.00244140625,0.0,1.0454745292663574,7.924896240234375,42.97519302368164,5.154753125680145e-06,685.7189331054688,1756.2474365234375,0.0,0.0,11.302864074707031,1.034000039100647,1.4217197895050049,291.5933532714844,77.26751708984375,0.0,50.0,1.721889853477478,0.0,167.77554321289062,0.0,0.0,1310.5,0.0,298.6207275390625,42.97512435913086,49.94363784790039,0.772189199924469,1293.5677490234375,298.6211853027344,270.3346862792969,5887324.0,2444.349609375,17288.01171875,0.0439999997615814,0.0,2636.498046875,3800.0,1.422369360923767,-5.032041072845459,292.0272521972656,0.0928441435098648,0.0,1,703.2041015625,0.0,21.962501525878903,0.0,34512.58984375,41.17759323120117,74.49714660644531,-6.149999618530273,137.18869018554688,0.0010999999940395,0.0,0.0,0.0,73.90816497802734,0.0,291.5933837890625,0.0,-8.68796157836914,0.0,0.0,0.0999999940395355,0.9067617654800416,0.0,3.4794543353200424e-06,50.0,77.26751708984375,13.420623779296877,0.0,22.56001663208008,0.0,50.0,50.0,291.8093566894531,1541.69482421875,56.02474212646485,0.0,74.50102996826172,Reactor Scram,295.21533203125
24.262226104736328,1.0467547178268433,0.0,72.543212890625,0.0,0.0,0.0,0.0,298.6116943359375,292.0252990722656,15.53981113433838,1.9857847690582275,0.0010931320721283,1.0448343753814695,0.0,580322.875,13.506439208984377,335.02069091796875,0.0,1.0454745292663574,7.924896240234375,42.9954719543457,5.154753125680145e-06,689.8057250976562,1756.2498779296875,0.0,0.0,11.289567947387695,1.034000039100647,1.4201080799102783,291.5918273925781,77.24159240722656,0.0,50.0,1.7220208644866943,0.0,167.96697998046875,0.0,0.0,1310.5,0.0,298.6112060546875,42.99540328979492,49.95204162597656,0.7722041010856628,1293.5565185546875,298.6116943359375,270.3501281738281,5910209.0,2457.03564453125,17288.01171875,0.0439999997615814,0.0,2636.40380859375,3810.0,1.420762062072754,-5.047662258148193,292.02520751953125,0.093519315123558,0.0,1,704.7662353515625,0.0,21.956085205078125,0.0,34512.58984375,41.13106155395508,74.4975357055664,-6.149999618530273,137.22048950195312,0.0010999999940395,0.0,0.0,0.0,73.9369888305664,0.0,291.59185791015625,0.0,-8.703436851501465,0.0,0.0,0.0999999940395355,0.9067617654800416,0.0,-5.113340648676967e-06,50.0,77.24159240722656,13.45938491821289,0.0,22.53427124023437,0.0,50.0,50.0,291.8075866699219,1541.480224609375,55.97145462036133,0.0,74.5013427734375,Reactor Scram,295.2096862792969
24.12313842773437,1.0467547178268433,0.0,72.5613021850586,0.0,0.0,0.0,0.0,298.6022033691406,292.02325439453125,15.542298316955566,1.9923570156097408,0.0010987347923219,1.0448343753814695,0.0,582363.0625,13.507115364074709,335.0387878417969,0.0,1.0454745292663574,7.924896240234375,43.0156135559082,5.154753125680145e-06,693.9056396484375,1756.2523193359375,0.0,0.0,11.276483535766602,1.034000039100647,1.41850483417511,291.5903015136719,77.21588134765625,0.0,50.0,1.7221544981002808,0.0,168.1588592529297,0.0,0.0,1310.5,0.0,298.6017150878906,43.01554489135742,49.95992660522461,0.7722191214561462,1293.5447998046875,298.6022033691406,270.3653564453125,5933092.0,2469.75439453125,17288.01171875,0.0439999997615814,0.0,2636.31005859375,3820.0,1.4191547632217407,-5.063259124755859,292.023193359375,0.0941967368125915,0.0,1,706.325927734375,0.0,21.950334548950195,0.0,34512.58984375,41.08452987670898,74.49787139892578,-6.149999618530273,137.25201416015625,0.0010999999940395,0.0,0.0,0.0,73.9659652709961,0.0,291.5903015136719,0.0,-8.71888542175293,0.0,0.0,0.0999999940395355,0.9067617654800416,0.0,1.4035723552296986e-06,50.0,77.21588134765625,13.497759819030762,0.0,22.50852394104004,0.0,50.0,50.0,291.8057861328125,1541.265625,55.917755126953125,0.0,74.5016098022461,Reactor Scram,295.2040405273437
23.975475311279297,1.0467547178268433,0.0,72.5792236328125,0.0,0.0,0.0,0.0,298.5927124023437,292.0212097167969,15.544793128967283,1.9989973306655884,0.0011043826816603,1.0448343753814695,0.0,584401.375,13.5077486038208,335.0567321777344,0.0,1.0454745292663574,7.924896240234375,43.03558349609375,5.154753125680145e-06,698.0183715820312,1756.2547607421875,0.0,0.0,11.263398170471191,1.034000039100647,1.4169096946716309,291.5887451171875,77.19042205810547,0.0,50.0,1.722287893295288,0.0,168.35113525390625,0.0,0.0,1310.5,0.0,298.5922241210937,43.03551864624024,49.96738815307617,0.7722340822219849,1293.533203125,298.5927124023437,270.3804626464844,5955972.0,2482.57470703125,17288.01171875,0.0439999997615814,0.0,2636.217529296875,3830.0,1.417547583580017,-5.078831672668457,292.0211486816406,0.094879113137722,0.0,1,707.8831787109375,0.0,21.950523376464844,0.0,34512.58984375,41.03800201416016,74.49818420410156,-6.149999618530273,137.2832489013672,0.0010999999940395,0.0,0.0,0.0,73.99502563476562,0.0,291.5887756347656,0.0,-8.734309196472168,0.0,0.0,0.0999999940395355,0.9067617654800416,0.0,2.160071744583547e-06,50.0,77.19042205810547,13.535748481750488,0.0,22.48362159729004,0.0,50.0,50.0,291.80401611328125,1541.051025390625,55.860599517822266,0.0,74.50184631347656,Reactor Scram,295.1983642578125
23.82276153564453,1.0467547178268433,0.0,72.59703063964844,0.0,0.0,0.0,0.0,298.5832214355469,292.01910400390625,15.547298431396484,2.0055837631225586,0.0011100089177489,1.0448343753814695,0.0,586437.8125,13.50833511352539,335.0745544433594,0.0,1.0454745292663574,7.924896240234375,43.05545425415039,5.154753125680145e-06,702.1441650390625,1756.2572021484375,0.0,0.0,11.25031280517578,1.034000039100647,1.4153224229812622,291.5871276855469,77.16515350341797,0.0,50.0,1.7224289178848269,0.0,168.54214477539062,0.0,0.0,1310.5,0.0,298.5827331542969,43.055419921875,49.97423553466797,0.7722489833831787,1293.521240234375,298.5832214355469,270.3954162597656,5978851.5,2495.346923828125,17288.01171875,0.0439999997615814,0.0,2636.125244140625,3840.0,1.4159544706344604,-5.094380855560303,292.0190734863281,0.0955606549978256,0.0,1,709.4381103515625,0.0,21.94607734680176,0.0,34512.58984375,40.99188232421875,74.4984359741211,-6.149999618530273,137.31423950195312,0.0010999999940395,0.0,0.0,0.0,74.02421569824219,0.0,291.587158203125,0.0,-8.749702453613281,0.0,0.0,0.0999999940395355,0.9067617654800416,0.0,-1.4133307786323712e-06,50.0,77.16515350341797,13.573360443115234,0.0,22.45829963684082,0.0,50.0,50.0,291.8020935058594,1540.83642578125,55.8057861328125,0.0,74.50202941894531,Reactor Scram,295.1927185058594
23.666183471679688,1.0467547178268433,0.0,72.61468505859375,0.0,0.0,0.0,0.0,298.57379150390625,292.0170288085937,15.549816131591797,2.012236833572388,0.0011156799737364,1.0448343753814695,0.0,588472.5,13.508878707885742,335.0921630859375,0.0,1.0454745292663574,7.924896240234375,43.075157165527344,5.154753125680145e-06,706.2828369140625,1756.2596435546875,0.0,0.0,11.237650871276855,1.034000039100647,1.4137433767318726,291.5855712890625,77.14012145996094,0.0,50.0,1.7225650548934937,0.0,168.73275756835938,0.0,0.0,1310.5,0.0,298.57330322265625,43.075157165527344,49.9806022644043,0.7722638249397278,1293.5096435546875,298.57379150390625,270.41021728515625,6001727.0,2508.220703125,17288.01171875,0.0439999997615814,0.0,2636.033935546875,3850.0,1.4143683910369873,-5.109906196594238,292.0170288085937,0.0962470918893814,0.0,1,710.9906005859375,0.0,21.94301414489746,0.0,34512.58984375,40.94596481323242,74.49867248535156,-6.149999618530273,137.34494018554688,0.0010999999940395,0.0,0.0,0.0,74.05355072021484,0.0,291.5855712890625,0.0,-8.765076637268066,0.0,0.0,0.0999999940395355,0.9067617654800416,0.0,3.693346116051544e-06,50.0,77.14012145996094,13.610612869262695,0.0,22.433395385742188,0.0,50.0,50.0,291.8002624511719,1540.621826171875,55.75200271606445,0.0,74.502197265625,Reactor Scram,295.18707275390625
23.508440017700195,1.0467547178268433,0.0,72.6321792602539,0.0,0.0,0.0,0.0,298.5643615722656,292.0149230957031,15.55234432220459,2.019010305404663,0.0011214251862838,1.0448343753814695,0.0,590505.4375,13.509374618530272,335.1096496582031,0.0,1.0454745292663574,7.924896240234375,43.094722747802734,5.154753125680145e-06,710.434326171875,1756.2620849609375,0.0,0.0,11.224776268005373,1.034000039100647,1.4121721982955933,291.5839233398437,77.11531066894531,0.0,50.0,1.722701072692871,0.0,168.92291259765625,0.0,0.0,1310.5,0.0,298.5639038085937,43.094722747802734,49.98637008666992,0.7722786664962769,1293.4981689453125,298.5643615722656,270.42486572265625,6024601.0,2521.26220703125,17288.01171875,0.0439999997615814,0.0,2635.943359375,3860.0,1.4127894639968872,-5.125406742095947,292.0149230957031,0.0969410315155983,0.0,1,712.5406494140625,0.0,21.93742179870605,0.0,34512.58984375,40.90025329589844,74.49889373779297,-6.149999618530273,137.3753662109375,0.0010999999940395,0.0,0.0,0.0,74.08304595947266,0.0,291.5839233398437,0.0,-8.780426025390625,0.0,0.0,0.0999999940395355,0.9067617654800416,0.0,3.468762770353351e-06,50.0,77.11531066894531,13.64748191833496,0.0,22.408493041992188,0.0,50.0,50.0,291.7984313964844,1540.4072265625,55.70518493652344,0.0,74.50236511230469,Reactor Scram,295.1814270019531
23.35137939453125,1.0467547178268433,0.0,72.64952087402344,0.0,0.0,0.0,0.0,298.5550231933594,292.0127868652344,15.554877281188965,2.0259156227111816,0.0011272514238953,1.0448343753814695,0.0,592536.5,13.5098237991333,335.126953125,0.0,1.0454745292663574,7.924896240234375,43.11415100097656,5.154753125680145e-06,714.5988159179688,1756.2645263671875,0.0,0.0,11.211902618408203,1.034000039100647,1.410609006881714,291.5823059082031,77.0906982421875,0.0,50.0,1.7228422164916992,0.0,169.11093139648438,0.0,0.0,1310.5,0.0,298.5545654296875,43.11418533325195,49.99162673950195,0.7722933292388916,1293.4862060546875,298.5550231933594,270.4393920898437,6047473.0,2534.488037109375,17288.01171875,0.0439999997615814,0.0,2635.853515625,3870.0,1.4112317562103271,-5.140883922576904,292.0128173828125,0.0976430997252464,0.0,1,714.08837890625,0.0,21.933942794799805,0.0,34512.58984375,40.85515975952149,74.4991226196289,-6.149999618530273,137.4055633544922,0.0010999999940395,0.0,0.0,0.0,74.11262512207031,0.0,291.5823059082031,0.0,-8.795747756958008,0.0,0.0,0.0999999940395355,0.9067617654800416,0.0,-8.436465748218326e-08,50.0,77.0906982421875,13.68398094177246,0.0,22.383169174194336,0.0,50.0,50.0,291.7965393066406,1540.192626953125,55.66109085083008,0.0,74.50253295898438,Reactor Scram,295.17584228515625
23.19742584228516,1.0467547178268433,0.0,72.6667251586914,0.0,0.0,0.0,0.0,298.54571533203125,292.0106811523437,15.55742359161377,2.032761812210083,0.0011330533307045,1.0448343753814695,0.0,594565.75,13.51022720336914,335.1441345214844,0.0,1.0454745292663574,7.924896240234375,43.1334114074707,5.154753125680145e-06,718.7760009765625,1756.2669677734375,0.0,0.0,11.199240684509276,1.034000039100647,1.4090536832809448,291.58074951171875,77.06632232666016,0.0,50.0,1.722978115081787,0.0,169.3002166748047,0.0,0.0,1310.5,0.0,298.5452575683594,43.133445739746094,49.99638366699219,0.7723081111907959,1293.4744873046875,298.54571533203125,270.4537658691406,6070343.0,2547.658447265625,17288.01171875,0.0439999997615814,0.0,2635.764404296875,3880.0,1.4096670150756836,-5.156337261199951,292.0107116699219,0.0983441099524498,0.0,1,715.6337280273438,0.0,21.939373016357425,0.0,34512.58984375,40.80986022949219,74.49930572509766,-6.149999618530273,137.43545532226562,0.0010999999940395,0.0,0.0,0.0,74.14231872558594,0.0,291.5807189941406,0.0,-8.811050415039062,0.0,0.0,0.0999999940395355,0.9067617654800416,0.0,-5.10637073602993e-06,50.0,77.06632232666016,13.720122337341309,0.0,22.359111785888672,0.0,50.0,50.0,291.7947082519531,1539.9781494140625,55.6055908203125,0.0,74.50264739990234,Reactor Scram,295.1702575683594
23.048131942749023,1.0467547178268433,0.0,72.68379974365234,0.0,0.0,0.0,0.0,298.53643798828125,292.0085754394531,15.559978485107422,2.039537191390991,0.0011388243874534,1.045186161994934,0.0,596593.1875,13.51058578491211,335.1611328125,0.0,1.0457090139389038,7.924896240234375,43.15263748168945,5.154753125680145e-06,722.9661865234375,1756.2694091796875,0.0,0.0,11.186787605285645,1.034000039100647,1.4075058698654177,291.5791015625,77.04214477539062,0.0,50.0,1.7231191396713257,0.0,169.51808166503906,0.0,0.0,1310.5,0.0,298.5359802246094,43.15256881713867,50.00064849853516,0.7723226547241211,1293.46240234375,298.53643798828125,270.4679870605469,6093210.0,2560.75927734375,17288.01171875,0.0439999997615814,0.0,2635.676025390625,3890.0,1.4081305265426636,-5.171767234802246,292.0085144042969,0.0990434661507606,0.0,1,717.1766967773438,0.0,21.935192108154297,0.0,34524.20703125,40.76537704467773,74.49945068359375,-6.149999618530273,137.46510314941406,0.0010999999940395,0.0,0.0,0.0,74.17206573486328,0.0,291.5791320800781,0.0,-8.826325416564941,0.0,0.0,0.0999999940395355,0.9067617654800416,0.0,-2.306604756086017e-06,50.0,77.04214477539062,13.755898475646973,0.0,22.334884643554688,0.0,50.0,50.0,291.7928161621094,1539.7635498046875,55.556758880615234,0.0,74.50272369384766,Reactor Scram,295.1646728515625
22.903396606445312,1.0467547178268433,0.0,72.70074462890625,0.0,0.0,0.0,0.0,298.527099609375,292.0063781738281,15.562541007995604,2.0461738109588623,0.0011445268755778,1.045186161994934,0.0,598618.75,13.510897636413574,335.17803955078125,0.0,1.0457090139389038,7.924896240234375,43.17169189453125,5.154753125680145e-06,727.1691284179688,1756.2718505859375,0.0,0.0,11.173913955688477,1.034000039100647,1.4059659242630005,291.5773620605469,77.0181884765625,0.0,50.0,1.723265290260315,0.0,169.70565795898438,0.0,0.0,1310.5,0.0,298.526611328125,43.17165756225586,50.0042610168457,0.7723374366760254,1293.4501953125,298.527099609375,270.4820556640625,6116076.0,2573.703857421875,17288.01171875,0.0439999997615814,0.0,2635.58837890625,3900.0,1.40658700466156,-5.187173843383789,292.00634765625,0.0997378230094909,0.0,1,718.7173461914062,0.0,21.93439292907715,0.0,34524.20703125,40.72069549560547,74.49954986572266,-6.149999618530273,137.49449157714844,0.0010999999940395,0.0,0.0,0.0,74.20194244384766,0.0,291.577392578125,0.0,-8.841570854187012,0.0,0.0,0.0999999940395355,0.9067617654800416,0.0,-2.549280452512903e-06,50.0,77.0181884765625,13.791306495666504,0.0,22.30998039245605,0.0,50.0,50.0,291.79083251953125,1539.5489501953125,55.49911117553711,0.0,74.50276184082031,Reactor Scram,295.1590270996094
22.76463890075684,1.0467547178268433,0.0,72.7175521850586,0.0,0.0,0.0,0.0,298.5177917480469,292.004150390625,15.56511688232422,2.052764892578125,0.0011502114357426,1.045186161994934,0.0,600642.6875,13.51116943359375,335.1947326660156,0.0,1.0457090139389038,7.924896240234375,43.19061279296875,5.154753125680145e-06,731.3850708007812,1756.2742919921875,0.0,0.0,11.161251068115234,1.034000039100647,1.4044334888458252,291.5756225585937,76.99443054199219,0.0,50.0,1.7234113216400146,0.0,169.89190673828125,0.0,0.0,1310.5,0.0,298.517333984375,43.19057846069336,50.00740432739258,0.7723519802093506,1293.437744140625,298.5177917480469,270.4960021972656,6138939.0,2586.608154296875,17288.01171875,0.0439999997615814,0.0,2635.50146484375,3910.0,1.4050575494766235,-5.202556133270264,292.0041198730469,0.1004316210746765,0.0,1,720.255615234375,0.0,21.92881774902344,0.0,34524.20703125,40.676414489746094,74.49961853027344,-6.149999618530273,137.52362060546875,0.0010999999940395,0.0,0.0,0.0,74.2319564819336,0.0,291.5756530761719,0.0,-8.856792449951172,0.0,0.0,0.0999999940395355,0.9067617654800416,0.0,-2.258118911413476e-06,50.0,76.99443054199219,13.826370239257812,0.0,22.285499572753903,0.0,50.0,50.0,291.78887939453125,1539.3343505859375,55.44433975219727,0.0,74.50277709960938,Reactor Scram,295.1534118652344
22.631366729736328,1.0467547178268433,0.0,72.73421478271484,0.0,0.0,0.0,0.0,298.5085754394531,292.0019836425781,15.567702293395996,2.0593090057373047,0.0011558777187019,1.045186161994934,0.0,602664.625,13.511402130126951,335.2113342285156,0.0,1.0457090139389038,7.924896240234375,43.20936584472656,5.154753125680145e-06,735.6138305664062,1756.2767333984375,0.0,0.0,11.14901065826416,1.034000039100647,1.4029086828231812,291.573974609375,76.97090148925781,0.0,50.0,1.7235524654388428,0.0,170.07855224609375,0.0,0.0,1310.5,0.0,298.5081481933594,43.20933151245117,50.01002883911133,0.7723665833473206,1293.4261474609375,298.5085754394531,270.5097961425781,6161800.0,2599.47119140625,17288.01171875,0.0439999997615814,0.0,2635.415283203125,3920.0,1.4035282135009766,-5.2179155349731445,292.001953125,0.1011248007416725,0.0,1,721.7915649414062,0.0,21.923114776611328,0.0,34524.20703125,40.63214111328125,74.49967956542969,-6.149999618530273,137.55247497558594,0.0010999999940395,0.0,0.0,0.0,74.2621078491211,0.0,291.5740051269531,0.0,-8.87199592590332,0.0,0.0,0.0999999940395355,0.9067617654800416,0.0,-2.7205803689867025e-06,50.0,76.97090148925781,13.86108112335205,0.0,22.261863708496094,0.0,50.0,50.0,291.7869873046875,1539.1197509765625,55.387794494628906,0.0,74.50277709960938,Reactor Scram,295.1478576660156
22.506702423095703,1.0467547178268433,0.0,72.75072479248047,0.0,0.0,0.0,0.0,298.4993591308594,291.99981689453125,15.57029628753662,2.06585693359375,0.0011615534313023,1.045186161994934,0.0,604684.8125,13.511597633361816,335.2277526855469,0.0,1.0457090139389038,7.924896240234375,43.22794723510742,5.154753125680145e-06,739.8553466796875,1756.2791748046875,0.0,0.0,11.136558532714844,1.034000039100647,1.4013912677764893,291.5722351074219,76.94757080078125,0.0,50.0,1.723698377609253,0.0,170.26388549804688,0.0,0.0,1310.5,0.0,298.4988708496094,43.22791290283203,50.01227188110352,0.772381067276001,1293.413818359375,298.4993591308594,270.5234375,6184658.5,2612.35546875,17288.01171875,0.0439999997615814,0.0,2635.329833984375,3930.0,1.4020129442214966,-5.233252048492432,291.9997863769531,0.1018198132514953,0.0,1,723.3251953125,0.0,21.91315650939941,0.0,34524.20703125,40.58827590942383,74.49974060058594,-6.149999618530273,137.58108520507812,0.0010999999940395,0.0,0.0,0.0,74.29232788085938,0.0,291.572265625,0.0,-8.88717269897461,0.0,0.0,0.0999999940395355,0.9067617654800416,0.0,-3.5075117921223864e-06,50.0,76.94757080078125,13.895442008972168,0.0,22.23738479614257,0.0,50.0,50.0,291.7850036621094,1538.9051513671875,55.33553695678711,0.0,74.50277709960938,Reactor Scram,295.1422119140625
22.38923072814941,1.0467547178268433,0.0,72.76707458496094,0.0,0.0,0.0,0.0,298.4901733398437,291.9975891113281,15.57290267944336,2.072420120239258,0.001167245558463,1.045186161994934,0.0,606703.375,13.511758804321287,335.2440185546875,0.0,1.0457090139389038,7.924896240234375,43.24642562866211,5.154753125680145e-06,744.1097412109375,1756.2816162109375,0.0,0.0,11.124107360839844,1.034000039100647,1.399881362915039,291.570556640625,76.92445373535156,0.0,50.0,1.7238444089889526,0.0,170.44871520996094,0.0,0.0,1310.5,0.0,298.4896850585937,43.24642562866211,50.01407623291016,0.7723955512046814,1293.4017333984375,298.4901733398437,270.5369567871094,6207516.0,2625.275634765625,17288.01171875,0.0439999997615814,0.0,2635.2451171875,3940.0,1.4005048274993896,-5.248565196990967,291.9975891113281,0.1025172024965286,0.0,1,724.8565063476562,0.0,21.90376853942871,0.0,34524.20703125,40.54461288452149,74.49978637695312,-6.149999618530273,137.60943603515625,0.0010999999940395,0.0,0.0,0.0,74.32270812988281,0.0,291.570556640625,0.0,-8.902324676513672,0.0,0.0,0.0999999940395355,0.9067617654800416,0.0,-3.4745039556582924e-06,50.0,76.92445373535156,13.929460525512695,0.0,22.21290397644043,0.0,50.0,50.0,291.7830505371094,1538.6905517578125,55.283145904541016,0.0,74.50277709960938,Reactor Scram,295.1366577148437
22.27931022644043,1.0467547178268433,0.0,72.78328704833984,0.0,0.0,0.0,0.0,298.4810485839844,291.9954528808594,15.575519561767578,2.078998327255249,0.0011729532852768,1.045186161994934,0.0,608719.9375,13.51189136505127,335.2601623535156,0.0,1.0457090139389038,7.924896240234375,43.26470565795898,5.154753125680145e-06,748.376708984375,1756.2840576171875,0.0,0.0,11.111865997314451,1.034000039100647,1.398378610610962,291.5688781738281,76.90153503417969,0.0,50.0,1.7239855527877808,0.0,170.6339569091797,0.0,0.0,1310.5,0.0,298.4805908203125,43.26470565795898,50.01554489135742,0.7724099159240723,1293.3897705078125,298.4810485839844,270.55035400390625,6230370.5,2638.232666015625,17288.01171875,0.0439999997615814,0.0,2635.1611328125,3950.0,1.3989967107772827,-5.263854503631592,291.9954528808594,0.1032169610261917,0.0,1,726.3854370117188,0.0,21.89493751525879,0.0,34524.20703125,40.500953674316406,74.49983215332031,-6.149999618530273,137.63754272460938,0.0010999999940395,0.0,0.0,0.0,74.35322570800781,0.0,291.5688781738281,0.0,-8.917458534240723,0.0,0.0,0.0999999940395355,0.9067617654800416,0.0,-2.3354539280262543e-06,50.0,76.90153503417969,13.963138580322266,0.0,22.189268112182617,0.0,50.0,50.0,291.7811584472656,1538.4759521484375,55.23063659667969,0.0,74.50277709960938,Reactor Scram,295.13116455078125
22.17661094665528,1.0467547178268433,0.0,72.7993392944336,0.0,0.0,0.0,0.0,298.4719543457031,291.9932861328125,15.578143119812012,2.085578441619873,0.0011786693939939,1.045186161994934,0.0,610734.75,13.511993408203123,335.2761535644531,0.0,1.0457090139389038,7.924896240234375,43.28287887573242,5.154753125680145e-06,752.6566772460938,1756.2864990234375,0.0,0.0,11.099836349487305,1.034000039100647,1.3968833684921265,291.5672302246094,76.87883758544922,0.0,50.0,1.7241264581680298,0.0,170.81871032714844,0.0,0.0,1310.5,0.0,298.4715270996094,43.28287887573242,50.01660919189453,0.7724242210388184,1293.3779296875,298.4719543457031,270.5635986328125,6253223.0,2651.208740234375,17288.01171875,0.0439999997615814,0.0,2635.077880859375,3960.0,1.3974956274032593,-5.279120445251465,291.9932861328125,0.1039184778928756,0.0,1,727.9120483398438,0.0,21.88167953491211,0.0,34524.20703125,40.457496643066406,74.49988555908203,-6.149999618530273,137.66539001464844,0.0010999999940395,0.0,0.0,0.0,74.38383483886719,0.0,291.5672302246094,0.0,-8.93256950378418,0.0,0.0,0.0999999940395355,0.9067617654800416,0.0,1.9123535821563564e-06,50.0,76.87883758544922,13.996489524841309,0.0,22.165632247924805,0.0,50.0,50.0,291.7792358398437,1538.2613525390625,55.182498931884766,0.0,74.50277709960938,Reactor Scram,295.12567138671875
22.082502365112305,1.0467547178268433,0.0,72.81525421142578,0.0,0.0,0.0,0.0,298.462890625,291.9911193847656,15.580780029296877,2.092172384262085,0.0011844006367027,1.045186161994934,0.0,612747.8125,13.512070655822754,335.2919921875,0.0,1.0457090139389038,7.924896240234375,43.30088424682617,5.154753125680145e-06,756.9493408203125,1756.2889404296875,0.0,0.0,11.087385177612305,1.034000039100647,1.395395278930664,291.56549072265625,76.8563232421875,0.0,50.0,1.7242724895477295,0.0,171.00123596191406,0.0,0.0,1310.5,0.0,298.4624328613281,43.30088424682617,50.01737976074219,0.7724384665489197,1293.3656005859375,298.462890625,270.57672119140625,6276073.0,2664.218994140625,17288.01171875,0.0439999997615814,0.0,2634.995361328125,3970.0,1.396015763282776,-5.294363975524902,291.9911193847656,0.1046222746372222,0.0,1,729.4364013671875,0.0,21.8688907623291,0.0,34524.20703125,40.41465759277344,74.49992370605469,-6.149999618530273,137.6929931640625,0.0010999999940395,0.0,0.0,0.0,74.41461181640625,0.0,291.56549072265625,0.0,-8.947652816772461,0.0,0.0,0.0999999940395355,0.9067617654800416,0.0,4.977384833182441e-06,50.0,76.8563232421875,14.029484748840332,0.0,22.141151428222656,0.0,50.0,50.0,291.7772827148437,1538.0467529296875,55.13428115844727,0.0,74.50277709960938,Reactor Scram,295.1201477050781
21.99590492248535,1.0467547178268433,0.0,72.83102416992188,0.0,0.0,0.0,0.0,298.45391845703125,291.9889831542969,15.58342456817627,2.0987794399261475,0.0011901466641575,1.045186161994934,0.0,614759.125,13.512124061584473,335.3077087402344,0.0,1.0457090139389038,7.924896240234375,43.31872177124024,5.154753125680145e-06,761.254638671875,1756.2913818359375,0.0,0.0,11.07535457611084,1.034000039100647,1.3939143419265747,291.5638427734375,76.83403015136719,0.0,50.0,1.7244133949279783,0.0,171.18414306640625,0.0,0.0,1310.5,0.0,298.45343017578125,43.31872177124024,50.017879486083984,0.7724526524543762,1293.3536376953125,298.45391845703125,270.5896911621094,6298921.5,2677.262451171875,17288.01171875,0.0439999997615814,0.0,2634.913330078125,3980.0,1.394536018371582,-5.309584140777588,291.9889831542969,0.1053283810615539,0.0,1,730.9584350585938,0.0,21.85654830932617,0.0,34524.20703125,40.37181854248047,74.49995422363281,-6.149999618530273,137.72035217285156,0.0010999999940395,0.0,0.0,0.0,74.44547271728516,0.0,291.5638427734375,0.0,-8.96271800994873,0.0,0.0,0.0999999940395355,0.9067617654800416,0.0,8.572599297096415e-10,50.0,76.83403015136719,14.062148094177246,0.0,22.117515563964844,0.0,50.0,50.0,291.775390625,1537.832275390625,55.08597183227539,0.0,74.50277709960938,Reactor Scram,295.1146850585937
21.917001724243164,1.0467547178268433,0.0,72.8466567993164,0.0,0.0,0.0,0.0,298.4449462890625,291.98687744140625,15.586077690124512,2.105286121368408,0.0011958434479311,1.045186161994934,0.0,616768.6875,13.512157440185549,335.3232727050781,0.0,1.0457090139389038,7.924896240234375,43.336387634277344,5.154753125680145e-06,765.5729370117188,1756.2938232421875,0.0,0.0,11.063324928283691,1.034000039100647,1.3924403190612793,291.5621337890625,76.81192016601562,0.0,50.0,1.7245545387268066,0.0,171.367431640625,0.0,0.0,1310.5,0.0,298.4444885253906,43.336387634277344,50.01813507080078,0.772466778755188,1293.3419189453125,298.4449462890625,270.6025695800781,6321767.5,2690.19482421875,17288.01171875,0.0439999997615814,0.0,2634.832275390625,3990.0,1.3930561542510986,-5.324781894683838,291.98687744140625,0.1060310378670692,0.0,1,732.4782104492188,0.0,21.843265533447266,0.0,34524.20703125,40.32897567749024,74.4999771118164,-6.149999618530273,137.74745178222656,0.0010999999940395,0.0,0.0,0.0,74.47640991210938,0.0,291.5621337890625,0.0,-8.977760314941406,0.0,0.0,0.0999999940395355,0.9067617654800416,0.0,-1.5029851851977585e-07,50.0,76.81192016601562,14.09449577331543,0.0,22.09387969970703,0.0,50.0,50.0,291.77349853515625,1537.61767578125,55.03482055664063,0.0,74.50274658203125,Reactor Scram,295.1092529296875
21.84632873535156,1.0467547178268433,0.0,72.86215209960938,0.0,0.0,0.0,0.0,298.4359741210937,291.9847106933594,15.588743209838867,2.1117045879364014,0.0012014978565275,1.045186161994934,0.0,618776.3125,13.512170791625977,335.33868408203125,0.0,1.0457090139389038,7.924896240234375,43.35398483276367,5.154753125680145e-06,769.9036865234375,1756.2962646484375,0.0,0.0,11.051506996154783,1.034000039100647,1.390973687171936,291.5604858398437,76.79003143310547,0.0,50.0,1.7246954441070557,0.0,171.5502166748047,0.0,0.0,1310.5,0.0,298.435546875,43.35398483276367,50.01813888549805,0.7724809050559998,1293.330322265625,298.4359741210937,270.61529541015625,6344611.5,2703.030029296875,17288.01171875,0.0439999997615814,0.0,2634.751708984375,4000.0,1.3915834426879885,-5.339957237243652,291.9847106933594,0.1067308634519577,0.0,1,733.9957275390625,0.0,21.829225540161133,0.0,34524.20703125,40.28633880615234,74.4999771118164,-6.149999618530273,137.77430725097656,0.0010999999940395,0.0,0.0,0.0,74.50749969482422,0.0,291.5604858398437,0.0,-8.992780685424805,0.0,0.0,0.0999999940395355,0.9067617654800416,0.0,2.323828454109389e-07,50.0,76.79003143310547,14.12649917602539,0.0,22.07066535949707,0.0,50.0,50.0,291.7715759277344,1537.4046630859375,54.98113250732422,0.0,74.5027084350586,Reactor Scram,295.10382080078125
21.7817611694336,1.0467547178268433,0.0,72.87751770019531,0.0,0.0,0.0,0.0,298.42706298828125,291.9825439453125,15.591419219970703,2.118104696273804,0.0012071484234184,1.045186161994934,0.0,620782.1875,13.512168884277344,335.3539733886719,0.0,1.0457090139389038,7.924896240234375,43.3714485168457,5.154753125680145e-06,774.247314453125,1756.2987060546875,0.0,0.0,11.039265632629396,1.034000039100647,1.3895138502120972,291.5587463378906,76.768310546875,0.0,50.0,1.7248413562774658,0.0,171.7307586669922,0.0,0.0,1310.5,0.0,298.4266357421875,43.3714485168457,50.01798248291016,0.7724949717521667,1293.318115234375,298.42706298828125,270.6278991699219,6367453.5,2715.857666015625,17288.01171875,0.0439999997615814,0.0,2634.671875,4010.0,1.390131950378418,-5.355109691619873,291.9825439453125,0.1074312850832939,0.0,1,735.510986328125,0.0,21.815279006958008,0.0,34524.20703125,40.24431991577149,74.4999771118164,-6.149999618530273,137.80093383789062,0.0010999999940395,0.0,0.0,0.0,74.53868865966797,0.0,291.5587463378906,0.0,-9.007773399353027,0.0,0.0,0.0999999940395355,0.9067617654800416,0.0,-3.707164296429255e-06,50.0,76.768310546875,14.158195495605469,0.0,22.04702949523925,0.0,50.0,50.0,291.7696228027344,1537.1923828125,54.9266242980957,0.0,74.50267028808594,Reactor Scram,295.0984191894531
21.72495651245117,1.0467547178268433,0.0,72.89273071289062,0.0,0.0,0.0,0.0,298.4181823730469,291.9804077148437,15.594100952148438,2.1244864463806152,0.0012127957306802,1.045186161994934,0.0,622786.4375,13.512154579162598,335.369140625,0.0,1.0457090139389038,7.924896240234375,43.38870620727539,5.154753125680145e-06,778.6036987304688,1756.3011474609375,0.0,0.0,11.027447700500488,1.034000039100647,1.3880609273910522,291.5570678710937,76.74681091308594,0.0,50.0,1.7249823808670044,0.0,171.91253662109375,0.0,0.0,1310.5,0.0,298.417724609375,43.38874053955078,50.01765823364258,0.7725089192390442,1293.306396484375,298.4181823730469,270.6403503417969,6390293.0,2728.6767578125,17288.01171875,0.0439999997615814,0.0,2634.5927734375,4020.0,1.3886733055114746,-5.370239734649658,291.9804382324219,0.1081322878599166,0.0,1,737.0239868164062,0.0,21.80142402648925,0.0,34524.20703125,40.202091217041016,74.4999771118164,-6.149999618530273,137.82730102539062,0.0010999999940395,0.0,0.0,0.0,74.56996154785156,0.0,291.5570373535156,0.0,-9.022747993469238,0.0,0.0,0.0999999940395355,0.9067617654800416,0.0,3.894390829373151e-06,50.0,76.74681091308594,14.18955135345459,0.0,22.023815155029297,0.0,50.0,50.0,291.7677307128906,1536.97998046875,54.871315002441406,0.0,74.50262451171875,Reactor Scram,295.0929870605469
21.67536163330078,1.0467547178268433,0.0,72.90780639648438,0.0,0.0,0.0,0.0,298.4093322753906,291.97821044921875,15.596796035766602,2.130798816680908,0.0012184100924059,1.045186161994934,0.0,624788.6875,13.512123107910156,335.3841247558594,0.0,1.0457090139389038,7.924896240234375,43.40586471557617,5.154753125680145e-06,782.9725952148438,1756.3035888671875,0.0,0.0,11.015839576721191,1.034000039100647,1.3866146802902222,291.555419921875,76.72549438476562,0.0,50.0,1.7251232862472534,0.0,172.09381103515625,0.0,0.0,1310.5,0.0,298.40887451171875,43.40589904785156,50.017086029052734,0.7725228667259216,1293.29443359375,298.4093322753906,270.6527099609375,6413130.5,2741.421630859375,17288.01171875,0.0439999997615814,0.0,2634.514404296875,4030.0,1.3872218132019043,-5.385346412658691,291.978271484375,0.1088312566280365,0.0,1,738.53466796875,0.0,21.7821044921875,0.0,34524.20703125,40.16007232666016,74.49995422363281,-6.149999618530273,137.85345458984375,0.0010999999940395,0.0,0.0,0.0,74.60139465332031,0.0,291.5553894042969,0.0,-9.037700653076172,0.0,0.0,0.0999999940395355,0.9067617654800416,0.0,-5.121008143760264e-06,50.0,76.72549438476562,14.220587730407717,0.0,22.000600814819336,0.0,50.0,50.0,291.76580810546875,1536.767578125,54.81891250610352,0.0,74.50257873535156,Reactor Scram,295.0876159667969
21.629470825195312,1.0467547178268433,0.0,72.92274475097656,0.0,0.0,0.0,0.0,298.4005126953125,291.97607421875,15.59950351715088,2.1370842456817627,0.0012240160722285,1.045186161994934,0.0,626789.1875,13.51208782196045,335.3990173339844,0.0,1.0457090139389038,7.924896240234375,43.42288589477539,5.154753125680145e-06,787.354248046875,1756.3060302734375,0.0,0.0,11.003808975219728,1.034000039100647,1.3851755857467651,291.5537109375,76.70438385009766,0.0,50.0,1.7252641916275024,0.0,172.273681640625,0.0,0.0,1310.5,0.0,298.40008544921875,43.42292022705078,50.01647567749024,0.7725368142127991,1293.28271484375,298.4005126953125,270.6648864746094,6435965.5,2754.147705078125,17288.01171875,0.0439999997615814,0.0,2634.4365234375,4040.0,1.3857845067977903,-5.400431156158447,291.97613525390625,0.1095303818583488,0.0,1,740.0431518554688,0.0,21.762714385986328,0.0,34524.20703125,40.11846160888672,74.49993896484375,-6.149999618530273,137.8793487548828,0.0010999999940395,0.0,0.0,0.0,74.63296508789062,0.0,291.5536804199219,0.0,-9.052629470825195,0.0,0.0,0.0999999940395355,0.9067617654800416,0.0,8.379230393984471e-07,50.0,76.70438385009766,14.251306533813477,0.0,21.976964950561523,0.0,50.0,50.0,291.763916015625,1536.55517578125,54.76561737060547,0.0,74.50252532958984,Reactor Scram,295.082275390625
21.589305877685547,1.0467547178268433,0.0,72.93755340576172,0.0,0.0,0.0,0.0,298.3916931152344,291.97393798828125,15.602215766906738,2.1433005332946777,0.0012295888736844,1.045186161994934,0.0,628788.0625,13.512041091918944,335.4137268066406,0.0,1.0457090139389038,7.924896240234375,43.43977355957031,5.154753125680145e-06,791.7484741210938,1756.3084716796875,0.0,0.0,10.99199104309082,1.034000039100647,1.3837430477142334,291.552001953125,76.68345642089844,0.0,50.0,1.7254101037979126,0.0,172.45391845703125,0.0,0.0,1310.5,0.0,298.3912658691406,43.43977355957031,50.01567077636719,0.772550642490387,1293.2706298828125,298.3916931152344,270.67694091796875,6458798.5,2766.798583984375,17288.01171875,0.0439999997615814,0.0,2634.359619140625,4050.0,1.3843472003936768,-5.415494441986084,291.97393798828125,0.1102273762226104,0.0,1,741.5494384765625,0.0,21.742734909057617,0.0,34524.20703125,40.07685089111328,74.49991607666016,-6.149999618530273,137.90501403808594,0.0010999999940395,0.0,0.0,0.0,74.66461944580078,0.0,291.552001953125,0.0,-9.067533493041992,0.0,0.0,0.0999999940395355,0.9067617654800416,0.0,-1.3954289670436992e-06,50.0,76.68345642089844,14.281622886657717,0.0,21.95375061035156,0.0,50.0,50.0,291.761962890625,1536.3428955078125,54.71041870117188,0.0,74.5024642944336,Reactor Scram,295.0768737792969
21.553634643554688,1.0467547178268433,0.0,72.95220947265625,0.0,0.0,0.0,0.0,298.38287353515625,291.9718017578125,15.604942321777344,2.149548292160034,0.0012351858895272,1.045186161994934,0.0,630785.0625,13.511996269226074,335.4283447265625,0.0,1.0457090139389038,7.924896240234375,43.45648956298828,5.154753125680145e-06,796.155517578125,1756.3109130859375,0.0,0.0,10.980172157287598,1.034000039100647,1.382317304611206,291.5503234863281,76.66270446777344,0.0,50.0,1.7255510091781616,0.0,172.63540649414062,0.0,0.0,1310.5,0.0,298.3824462890625,43.45652389526367,50.014930725097656,0.7725645303726196,1293.2589111328125,298.38287353515625,270.6888122558594,6481630.0,2779.503662109375,17288.01171875,0.0439999997615814,0.0,2634.282958984375,4060.0,1.38290274143219,-5.430535316467285,291.97186279296875,0.1109274551272392,0.0,1,743.0535278320312,0.0,21.71841812133789,0.0,34524.20703125,40.0350341796875,74.4999008178711,-6.149999618530273,137.93045043945312,0.0010999999940395,0.0,0.0,0.0,74.69640350341797,0.0,291.55029296875,0.0,-9.082419395446776,0.0,0.0,0.0999999940395355,0.9067617654800416,0.0,-1.3936770528744091e-06,50.0,76.66270446777344,14.311467170715332,0.0,21.9305362701416,0.0,50.0,50.0,291.76007080078125,1536.1304931640625,54.660682678222656,0.0,74.5024185180664,Reactor Scram,295.071533203125
21.52225112915039,1.0467547178268433,0.0,72.96672821044922,0.0,0.0,0.0,0.0,298.3741455078125,291.9696350097656,15.607678413391112,2.155745029449463,0.0012407604372128,1.045186161994934,0.0,632780.5,13.511948585510254,335.4428100585937,0.0,1.0457090139389038,7.924896240234375,43.473140716552734,5.154753125680145e-06,800.5751342773438,1756.3133544921875,0.0,0.0,10.968564987182615,1.034000039100647,1.380898118019104,291.5486755371094,76.64218139648438,0.0,50.0,1.7256919145584106,0.0,172.81549072265625,0.0,0.0,1310.5,0.0,298.3736877441406,43.47317123413086,50.01416397094727,0.7725782990455627,1293.2474365234375,298.3741455078125,270.7005310058594,6504459.0,2792.157958984375,17288.01171875,0.0439999997615814,0.0,2634.20751953125,4070.0,1.3814724683761597,-5.445554256439209,291.9696655273437,0.1116263270378112,0.0,1,744.555419921875,0.0,21.69866943359375,0.0,34524.20703125,39.993629455566406,74.49988555908203,-6.149999618530273,137.95562744140625,0.0010999999940395,0.0,0.0,0.0,74.72830200195312,0.0,291.54864501953125,0.0,-9.097284317016602,0.0,0.0,0.0999999940395355,0.9067617654800416,0.0,5.1500601330189966e-06,50.0,76.64218139648438,14.341007232666016,0.0,21.90732383728028,0.0,50.0,50.0,291.7581481933594,1535.9180908203125,54.60457229614258,0.0,74.50237274169922,Reactor Scram,295.0661926269531
21.493940353393555,1.0467547178268433,0.0,72.98111724853516,0.0,0.0,0.0,0.0,298.365478515625,291.96759033203125,15.610422134399414,2.1619372367858887,0.0012463382445275,1.045186161994934,0.0,634774.0625,13.511895179748535,335.4571228027344,0.0,1.0457090139389038,7.924896240234375,43.48951721191406,5.154753125680145e-06,805.0072021484375,1756.3157958984375,0.0,0.0,10.956747055053713,1.034000039100647,1.3794854879379272,291.5469665527344,76.62181854248047,0.0,50.0,1.7258328199386597,0.0,172.99327087402344,0.0,0.0,1310.5,0.0,298.36505126953125,43.48955154418945,50.01327896118164,0.7725919485092163,1293.2357177734375,298.365478515625,270.7121887207031,6527285.5,2804.820068359375,17288.01171875,0.0439999997615814,0.0,2634.13232421875,4080.0,1.3800634145736694,-5.460550308227539,291.9676208496094,0.11232640594244,0.0,1,746.0550537109375,0.0,21.67411231994629,0.0,34524.20703125,39.95283508300781,74.49986267089844,-6.149999618530273,137.98060607910156,0.0010999999940395,0.0,0.0,0.0,74.76031494140625,0.0,291.54693603515625,0.0,-9.112125396728516,0.0,0.0,0.0999999940395355,0.9067617654800416,0.0,-6.316216740742675e-07,50.0,76.62181854248047,14.370256423950195,0.0,21.88452911376953,0.0,50.0,50.0,291.7562561035156,1535.7056884765625,54.55313873291016,0.0,74.50233459472656,Reactor Scram,295.0609130859375
21.47144317626953,1.0467547178268433,0.0,72.995361328125,0.0,0.0,0.0,0.0,298.3568420410156,291.9654541015625,15.61318016052246,2.168146848678589,0.0012519323499873,1.045186161994934,0.0,636765.75,13.511834144592283,335.4713439941406,0.0,1.0457090139389038,7.924896240234375,43.505859375,5.154753125680145e-06,809.4519653320312,1756.3182373046875,0.0,0.0,10.944927215576172,1.034000039100647,1.3780794143676758,291.5453491210937,76.60164642333984,0.0,50.0,1.725971221923828,0.0,173.17138671875,0.0,0.0,1310.5,0.0,298.3563842773437,43.50589370727539,50.0123176574707,0.7726055383682251,1293.22412109375,298.3568420410156,270.72369384765625,6550110.5,2817.518310546875,17288.01171875,0.0439999997615814,0.0,2634.057861328125,4090.0,1.3786544799804688,-5.475524425506592,291.9654846191406,0.113028772175312,0.0,1,747.5524291992188,0.0,21.649959564208984,0.0,34524.20703125,39.91204833984375,74.4998550415039,-6.149999618530273,138.00534057617188,0.0010999999940395,0.0,0.0,0.0,74.79249572753906,0.0,291.5453186035156,0.0,-9.126947402954102,0.0,0.0,0.0999999940395355,0.9067617654800416,0.0,-1.7309831719103386e-06,50.0,76.60164642333984,14.399188995361328,0.0,21.861316680908203,0.0,50.0,50.0,291.75439453125,1535.4932861328125,54.50192260742188,0.0,74.50228881835938,Reactor Scram,295.0556640625
21.45062828063965,1.0467547178268433,0.0,73.00946044921875,0.0,0.0,0.0,0.0,298.34832763671875,291.96337890625,15.615947723388672,2.174349784851074,0.0012575287837535,1.045186161994934,0.0,638755.75,13.51177978515625,335.48541259765625,0.0,1.0457090139389038,7.924896240234375,43.52199935913086,5.154753125680145e-06,813.909423828125,1756.3206787109375,0.0,0.0,10.933530807495115,1.034000039100647,1.3766800165176392,291.5437316894531,76.58167266845703,0.0,50.0,1.7261096239089966,0.0,173.34808349609375,0.0,0.0,1310.5,0.0,298.347900390625,43.52203369140625,50.01142501831055,0.7726189494132996,1293.2127685546875,298.34832763671875,270.7350769042969,6572933.0,2830.22265625,17288.01171875,0.0439999997615814,0.0,2633.984130859375,4100.0,1.377259612083435,-5.490476131439209,291.9634094238281,0.1137322410941124,0.0,1,749.047607421875,0.0,21.63095664978028,0.0,34524.20703125,39.87166595458984,74.4998550415039,-6.149999618530273,138.02984619140625,0.0010999999940395,0.0,0.0,0.0,74.82478332519531,0.0,291.543701171875,0.0,-9.14174747467041,0.0,0.0,0.0999999940395355,0.9067617654800416,0.0,-3.862396624754183e-06,50.0,76.58167266845703,14.427836418151855,0.0,21.838523864746094,0.0,50.0,50.0,291.7525329589844,1535.281005859375,54.44535827636719,0.0,74.50226593017578,Reactor Scram,295.05047607421875
21.430971145629883,1.0467547178268433,0.0,73.02344512939453,0.0,0.0,0.0,0.0,298.3398132324219,291.9613342285156,15.61872100830078,2.180565118789673,0.0012631380232051,1.045186161994934,0.0,640744.0,13.51173210144043,335.4993591308594,0.0,1.0457090139389038,7.924896240234375,43.53797149658203,5.154753125680145e-06,818.37939453125,1756.3231201171875,0.0,0.0,10.922134399414062,1.034000039100647,1.3752866983413696,291.5420837402344,76.56187438964844,0.0,50.0,1.7262455224990845,0.0,173.52513122558594,0.0,0.0,1310.5,0.0,298.3393859863281,43.53800582885742,50.01061630249024,0.772632360458374,1293.2012939453125,298.3398132324219,270.746337890625,6595753.0,2842.956298828125,17288.01171875,0.0439999997615814,0.0,2633.9111328125,4110.0,1.3758647441864014,-5.505405902862549,291.9613647460937,0.1144377291202545,0.0,1,750.5405883789062,0.0,21.60727882385254,0.0,34524.20703125,39.83128356933594,74.4998550415039,-6.149999618530273,138.0541229248047,0.0010999999940395,0.0,0.0,0.0,74.85713958740234,0.0,291.54205322265625,0.0,-9.156527519226074,0.0,0.0,0.0999999940395355,0.9067617654800416,0.0,2.550891167629743e-06,50.0,76.56187438964844,14.45619297027588,0.0,21.81615447998047,0.0,50.0,50.0,291.7507019042969,1535.068603515625,54.3939208984375,0.0,74.50223541259766,Reactor Scram,295.0453186035156
21.41394424438477,1.0467547178268433,0.0,73.03727722167969,0.0,0.0,0.0,0.0,298.331298828125,291.959228515625,15.62150764465332,2.186767816543579,0.0012687464477494,1.045186161994934,0.0,642730.4375,13.51168727874756,335.51318359375,0.0,1.0457090139389038,7.924896240234375,43.55387496948242,5.154753125680145e-06,822.8619384765625,1756.3255615234375,0.0,0.0,10.910737991333008,1.034000039100647,1.3738999366760254,291.5404968261719,76.54226684570312,0.0,50.0,1.7263813018798828,0.0,173.70252990722656,0.0,0.0,1310.5,0.0,298.3309020996094,43.5539436340332,50.0098876953125,0.7726457715034485,1293.1900634765625,298.331298828125,270.75750732421875,6618571.5,2855.686767578125,17288.01171875,0.0439999997615814,0.0,2633.838623046875,4120.0,1.3744698762893677,-5.5203142166137695,291.95928955078125,0.1151439696550369,0.0,1,752.0314331054688,0.0,21.58363914489746,0.0,34524.20703125,39.79090118408203,74.4998550415039,-6.149999618530273,138.0781707763672,0.0010999999940395,0.0,0.0,0.0,74.88963317871094,0.0,291.5404357910156,0.0,-9.171287536621094,0.0,0.0,0.0999999940395355,0.9067617654800416,0.0,-4.362598247098504e-06,50.0,76.54226684570312,14.484251976013184,0.0,21.793785095214844,0.0,50.0,50.0,291.7488708496094,1534.856201171875,54.34201431274414,0.0,74.50221252441406,Reactor Scram,295.0401611328125
21.3979606628418,1.0467547178268433,0.0,73.05098724365234,0.0,0.0,0.0,0.0,298.3229064941406,291.95721435546875,15.62430477142334,2.192956686019897,0.0012743526604026,1.045186161994934,0.0,644715.1875,13.511640548706056,335.52685546875,0.0,1.0457090139389038,7.924896240234375,43.56957626342773,5.154753125680145e-06,827.3569946289062,1756.3280029296875,0.0,0.0,10.899340629577637,1.034000039100647,1.3725193738937378,291.53887939453125,76.52283477783203,0.0,50.0,1.7265172004699707,0.0,173.87757873535156,0.0,0.0,1310.5,0.0,298.32244873046875,43.56964111328125,50.0090446472168,0.7726590037345886,1293.1788330078125,298.3229064941406,270.7685241699219,6641387.5,2868.413818359375,17288.01171875,0.0439999997615814,0.0,2633.7666015625,4130.0,1.373096227645874,-5.535201072692871,291.957275390625,0.1158508956432342,0.0,1,753.5200805664062,0.0,21.560033798217773,0.0,34524.20703125,39.75113677978516,74.4998550415039,-6.149999618530273,138.1020050048828,0.0010999999940395,0.0,0.0,0.0,74.92228698730469,0.0,291.5388488769531,0.0,-9.18602466583252,0.0,0.0,0.0999999940395355,0.9067617654800416,0.0,-1.1578234762055215e-06,50.0,76.52283477783203,14.512030601501465,0.0,21.770994186401367,0.0,50.0,50.0,291.7470397949219,1534.643798828125,54.289642333984375,0.0,74.50218963623047,Reactor Scram,295.0350036621094
21.38486671447754,1.0467547178268433,0.0,73.06455993652344,0.0,0.0,0.0,0.0,298.3144836425781,291.9551696777344,15.627107620239258,2.199158906936645,0.0012799723772332,1.045186161994934,0.0,646698.125,13.511594772338867,335.5404052734375,0.0,1.0457090139389038,7.924896240234375,43.585205078125,5.154753125680145e-06,831.864501953125,1756.3304443359375,0.0,0.0,10.887945175170898,1.034000039100647,1.371145248413086,291.53729248046875,76.50357818603516,0.0,50.0,1.7266530990600586,0.0,174.05296325683594,0.0,0.0,1310.5,0.0,298.3140563964844,43.58523941040039,50.008262634277344,0.7726722359657288,1293.1676025390625,298.3144836425781,270.7794494628906,6664202.0,2881.1708984375,17288.01171875,0.0439999997615814,0.0,2633.695556640625,4140.0,1.37172269821167,-5.550064563751221,291.9552001953125,0.1165598779916763,0.0,1,755.0064697265625,0.0,21.531694412231445,0.0,34524.20703125,39.71137237548828,74.4998550415039,-6.149999618530273,138.12562561035156,0.0010999999940395,0.0,0.0,0.0,74.95499420166016,0.0,291.5372009277344,0.0,-9.200738906860352,0.0,0.0,0.0999999940395355,0.9067617654800416,0.0,-1.1308679859212134e-06,50.0,76.50357818603516,14.539509773254396,0.0,21.74862289428711,0.0,50.0,50.0,291.7452087402344,1534.4315185546875,54.242469787597656,0.0,74.5021743774414,Reactor Scram,295.0299072265625
21.37375831604004,1.0467547178268433,0.0,73.07801818847656,0.0,0.0,0.0,0.0,298.3060913085937,291.953125,15.629923820495604,2.205321788787842,0.0012855756795033,1.045186161994934,0.0,648679.3125,13.511549949645996,335.5538330078125,0.0,1.0457090139389038,7.924896240234375,43.60066986083984,5.154753125680145e-06,836.384765625,1756.3328857421875,0.0,0.0,10.876548767089844,1.034000039100647,1.3697772026062012,291.53564453125,76.4844970703125,0.0,50.0,1.7267887592315674,0.0,174.22869873046875,0.0,0.0,1310.5,0.0,298.3056640625,43.600704193115234,50.00748443603516,0.7726854681968689,1293.1563720703125,298.3060913085937,270.790283203125,6687014.0,2893.89013671875,17288.01171875,0.0439999997615814,0.0,2633.625,4150.0,1.3703490495681765,-5.564907550811768,291.9531555175781,0.117268182337284,0.0,1,756.4907836914062,0.0,21.508150100708008,0.0,34524.20703125,39.67160415649414,74.4998550415039,-6.149999618530273,138.14901733398438,0.0010999999940395,0.0,0.0,0.0,74.98784637451172,0.0,291.5356140136719,0.0,-9.21543312072754,0.0,0.0,0.0999999940395355,0.9067617654800416,0.0,-1.134606463892851e-06,50.0,76.4844970703125,14.566710472106934,0.0,21.726253509521484,0.0,50.0,50.0,291.7433776855469,1534.2191162109375,54.189208984375,0.0,74.50214385986328,Reactor Scram,295.0247497558594
21.362945556640625,1.0467547178268433,0.0,73.09133911132812,0.0,0.0,0.0,0.0,298.2977600097656,291.9511108398437,15.6327486038208,2.2114741802215576,0.0012911786325275,1.045186161994934,0.0,650658.875,13.511510848999023,335.5671691894531,0.0,1.0457090139389038,7.924896240234375,43.61602783203125,5.154753125680145e-06,840.9173583984375,1756.3353271484375,0.0,0.0,10.865572929382324,1.034000039100647,1.3684154748916626,291.5341186523437,76.46560668945312,0.0,50.0,1.726919651031494,0.0,174.4038543701172,0.0,0.0,1310.5,0.0,298.29736328125,43.61606216430664,50.00678634643555,0.7726985216140747,1293.1455078125,298.2977600097656,270.80096435546875,6709823.0,2906.60888671875,17288.01171875,0.0439999997615814,0.0,2633.55517578125,4160.0,1.3689825534820557,-5.5797295570373535,291.9511413574219,0.1179772540926933,0.0,1,757.9729614257812,0.0,21.4846420288086,0.0,34524.20703125,39.63204574584961,74.4998550415039,-6.149999618530273,138.17218017578125,0.0010999999940395,0.0,0.0,0.0,75.02079010009766,0.0,291.5340576171875,0.0,-9.230111122131348,0.0,0.0,0.0999999940395355,0.9067617654800416,0.0,-3.1073196282704885e-07,50.0,76.46560668945312,14.59363842010498,0.0,21.70430564880371,0.0,50.0,50.0,291.7416076660156,1534.0067138671875,54.13557815551758,0.0,74.50212097167969,Reactor Scram,295.0197448730469
21.35077857971192,1.0467547178268433,0.0,73.10453033447266,0.0,0.0,0.0,0.0,298.2894592285156,291.9490661621094,15.63558292388916,2.217637777328491,0.0012967936927452,1.045186161994934,0.0,652636.5,13.511481285095217,335.580322265625,0.0,1.0457090139389038,7.924896240234375,43.63122177124024,5.154753125680145e-06,845.4625854492188,1756.3377685546875,0.0,0.0,10.854177474975586,1.034000039100647,1.3670597076416016,291.53253173828125,76.44689178466797,0.0,50.0,1.727052927017212,0.0,174.5775604248047,0.0,0.0,1310.5,0.0,298.2890625,43.63125228881836,50.00613784790039,0.7727116942405701,1293.1343994140625,298.2894592285156,270.8115539550781,6732631.0,2919.35498046875,17288.01171875,0.0439999997615814,0.0,2633.486083984375,4170.0,1.367630124092102,-5.59453010559082,291.9490966796875,0.1186883077025413,0.0,1,759.4530029296875,0.0,21.45636940002441,0.0,34524.20703125,39.592891693115234,74.4998550415039,-6.149999618530273,138.1951446533203,0.0010999999940395,0.0,0.0,0.0,75.05388641357422,0.0,291.532470703125,0.0,-9.244765281677246,0.0,0.0,0.0999999940395355,0.9067617654800416,0.0,4.824485131393885e-07,50.0,76.44689178466797,14.620287895202637,0.0,21.68193626403809,0.0,50.0,50.0,291.73980712890625,1533.7943115234375,54.08715438842773,0.0,74.50210571289062,Reactor Scram,295.0146484375
21.34012794494629,1.0467547178268433,0.0,73.11759948730469,0.0,0.0,0.0,0.0,298.2812194824219,291.947021484375,15.638427734375,2.2237915992736816,0.0013024087529629,1.045186161994934,0.0,654612.5625,13.51145076751709,335.5934143066406,0.0,1.0457090139389038,7.924896240234375,43.64634323120117,5.154753125680145e-06,850.0202026367188,1756.3402099609375,0.0,0.0,10.842991828918455,1.034000039100647,1.3657100200653076,291.53094482421875,76.42832946777344,0.0,50.0,1.72718608379364,0.0,174.7506866455078,0.0,0.0,1310.5,0.0,298.2807922363281,43.64637756347656,50.00548553466797,0.7727246284484863,1293.12353515625,298.2812194824219,270.8220520019531,6755437.0,2932.1015625,17288.01171875,0.0439999997615814,0.0,2633.417236328125,4180.0,1.3662848472595217,-5.609307765960693,291.9470520019531,0.1194001659750938,0.0,1,760.9307861328125,0.0,21.428110122680664,0.0,34524.20703125,39.55394744873047,74.4998550415039,-6.149999618530273,138.2178955078125,0.0010999999940395,0.0,0.0,0.0,75.08710479736328,0.0,291.5309143066406,0.0,-9.25939655303955,0.0,0.0,0.0999999940395355,0.9067617654800416,0.0,9.588327429810306e-07,50.0,76.42832946777344,14.64665699005127,0.0,21.659564971923828,0.0,50.0,50.0,291.7380065917969,1533.58203125,54.03842926025391,0.0,74.5020751953125,Reactor Scram,295.0096435546875
21.331104278564453,1.0467547178268433,0.0,73.13055419921875,0.0,0.0,0.0,0.0,298.2729797363281,291.94500732421875,15.641279220581056,2.229950428009033,0.0013080323114991,1.045186161994934,0.0,656586.9375,13.511423110961914,335.6063232421875,0.0,1.0457090139389038,7.924896240234375,43.66129684448242,5.154753125680145e-06,854.59033203125,1756.3426513671875,0.0,0.0,10.832016944885254,1.034000039100647,1.3643664121627808,291.5293884277344,76.40996551513672,0.0,50.0,1.7273194789886477,0.0,174.925048828125,0.0,0.0,1310.5,0.0,298.2725830078125,43.66133117675781,50.00491714477539,0.7727376222610474,1293.1123046875,298.2729797363281,270.8324279785156,6778240.5,2944.8671875,17288.01171875,0.0439999997615814,0.0,2633.349365234375,4190.0,1.3649325370788574,-5.624064922332764,291.9450378417969,0.1201136410236358,0.0,1,762.406494140625,0.0,21.4051570892334,0.0,34524.20703125,39.51479721069336,74.49986267089844,-6.149999618530273,138.24041748046875,0.0010999999940395,0.0,0.0,0.0,75.12036895751953,0.0,291.529296875,0.0,-9.274007797241213,0.0,0.0,0.0999999940395355,0.9067617654800416,0.0,2.405881105005392e-06,50.0,76.40996551513672,14.672754287719728,0.0,21.638038635253903,0.0,50.0,50.0,291.7362060546875,1533.36962890625,53.98460388183594,0.0,74.50206756591797,Reactor Scram,295.004638671875
21.318782806396484,1.0467547178268433,0.0,73.14335632324219,0.0,0.0,0.0,0.0,298.2647705078125,291.9429626464844,15.64414405822754,2.2361855506896973,0.001313705695793,1.045186161994934,0.0,658559.5,13.511407852172852,335.619140625,0.0,1.0457090139389038,7.924896240234375,43.6761474609375,5.154753125680145e-06,859.1729125976562,1756.3450927734375,0.0,0.0,10.82104206085205,1.034000039100647,1.363028883934021,291.52783203125,76.39177703857422,0.0,50.0,1.727450251579285,0.0,175.09884643554688,0.0,0.0,1310.5,0.0,298.2643737792969,43.67618179321289,50.00445556640625,0.7727505564689636,1293.1014404296875,298.2647705078125,270.8426818847656,6801042.5,2957.74658203125,17288.01171875,0.0439999997615814,0.0,2633.28173828125,4200.0,1.3635871410369873,-5.638801097869873,291.9429931640625,0.120832584798336,0.0,1,763.880126953125,0.0,21.38322830200196,0.0,34524.20703125,39.47584915161133,74.49989318847656,-6.149999618530273,138.2627410888672,0.0010999999940395,0.0,0.0,0.0,75.15382385253906,0.0,291.5277404785156,0.0,-9.288599967956545,0.0,0.0,0.0999999940395355,0.9067617654800416,0.0,5.109695848659612e-06,50.0,76.39177703857422,14.69858169555664,0.0,21.61609268188477,0.0,50.0,50.0,291.7344665527344,1533.1572265625,53.93238067626953,0.0,74.50206756591797,Reactor Scram,294.9996643066406
21.30827713012696,1.0467547178268433,0.0,73.15603637695312,0.0,0.0,0.0,0.0,298.25665283203125,291.94091796875,15.647018432617188,2.2424123287200928,0.0013193802442401,1.045186161994934,0.0,660530.1875,13.511392593383787,335.6318359375,0.0,1.0457090139389038,7.924896240234375,43.69086456298828,5.154753125680145e-06,863.7678833007812,1756.3475341796875,0.0,0.0,10.809645652770996,1.034000039100647,1.3616970777511597,291.5262451171875,76.37374877929688,0.0,50.0,1.7275809049606323,0.0,175.2702178955078,0.0,0.0,1310.5,0.0,298.2562255859375,43.69089889526367,50.004051208496094,0.7727633714675903,1293.0909423828125,298.25665283203125,270.85284423828125,6823841.5,2970.6279296875,17288.01171875,0.0439999997615814,0.0,2633.215087890625,4210.0,1.3622632026672363,-5.6535162925720215,291.9409484863281,0.1215524300932884,0.0,1,765.3516235351562,0.0,21.35624885559082,0.0,34524.20703125,39.43751907348633,74.49990844726562,-6.149999618530273,138.28485107421875,0.0010999999940395,0.0,0.0,0.0,75.18737030029297,0.0,291.52618408203125,0.0,-9.30317211151123,0.0,0.0,0.0999999940395355,0.9067617654800416,0.0,3.5183003888050735e-07,50.0,76.37374877929688,14.724150657653809,0.0,21.593721389770508,0.0,50.0,50.0,291.7326965332031,1532.94482421875,53.88496017456055,0.0,74.50206756591797,Reactor Scram,294.9947204589844
21.29793357849121,1.0467547178268433,0.0,73.16860961914062,0.0,0.0,0.0,0.0,298.2485046386719,291.9389038085937,15.649898529052734,2.2486565113067627,0.0013250707415863,1.045186161994934,0.0,662499.375,13.511378288269045,335.6444091796875,0.0,1.0457090139389038,7.924896240234375,43.70547866821289,5.154753125680145e-06,868.3753051757812,1756.3499755859375,0.0,0.0,10.798670768737791,1.034000039100647,1.360371232032776,291.5247802734375,76.35588073730469,0.0,50.0,1.727709174156189,0.0,175.44375610351562,0.0,0.0,1310.5,0.0,298.24810791015625,43.70551300048828,50.003662109375,0.7727761268615723,1293.0802001953125,298.2485046386719,270.8629150390625,6846639.5,2983.5458984375,17288.01171875,0.0439999997615814,0.0,2633.148681640625,4220.0,1.3609249591827393,-5.668209075927734,291.9389343261719,0.1222745776176452,0.0,1,766.8209228515625,0.0,21.33476448059082,0.0,34524.20703125,39.39877700805664,74.49993133544922,-6.149999618530273,138.3067626953125,0.0010999999940395,0.0,0.0,0.0,75.22097778320312,0.0,291.524658203125,0.0,-9.317723274230955,0.0,0.0,0.0999999940395355,0.9067617654800416,0.0,-4.293678557587555e-06,50.0,76.35588073730469,14.749442100524902,0.0,21.57219696044922,0.0,50.0,50.0,291.73095703125,1532.732421875,53.83267593383789,0.0,74.50206756591797,Reactor Scram,294.9897766113281
21.287628173828125,1.0467547178268433,0.0,73.1810531616211,0.0,0.0,0.0,0.0,298.2403564453125,291.9368591308594,15.652792930603027,2.254892349243164,0.0013307620538398,1.045186161994934,0.0,664466.6875,13.511366844177246,335.6568908691406,0.0,1.0457090139389038,7.924896240234375,43.7199592590332,5.154753125680145e-06,872.9951171875,1756.3524169921875,0.0,0.0,10.787696838378906,1.034000039100647,1.3590511083602903,291.5231628417969,76.33820343017578,0.0,50.0,1.7278423309326172,0.0,175.61671447753906,0.0,0.0,1310.5,0.0,298.2399597167969,43.720027923583984,50.00325012207031,0.7727890014648438,1293.0693359375,298.2403564453125,270.87286376953125,6869434.0,2996.46484375,17288.01171875,0.0439999997615814,0.0,2633.0830078125,4230.0,1.3595937490463257,-5.682881832122803,291.9369201660156,0.1229975968599319,0.0,1,768.2882080078125,0.0,21.30819702148437,0.0,34524.20703125,39.3602409362793,74.49994659423828,-6.149999618530273,138.3284454345703,0.0010999999940395,0.0,0.0,0.0,75.25477600097656,0.0,291.5231018066406,0.0,-9.332250595092772,0.0,0.0,0.0999999940395355,0.9067617654800416,0.0,-5.1074998737021815e-06,50.0,76.33820343017578,14.774480819702148,0.0,21.55024719238281,0.0,50.0,50.0,291.7291564941406,1532.5201416015625,53.78521728515625,0.0,74.50206756591797,Reactor Scram,294.9848022460937
21.274995803833008,1.0467547178268433,0.0,73.19337463378906,0.0,0.0,0.0,0.0,298.2322692871094,291.93487548828125,15.655694007873535,2.261098623275757,0.0013364416081458,1.045186161994934,0.0,666432.25,13.511366844177246,335.669189453125,0.0,1.0457090139389038,7.924896240234375,43.73423385620117,5.154753125680145e-06,877.6273803710938,1756.3548583984375,0.0,0.0,10.77672290802002,1.034000039100647,1.3577369451522827,291.5216369628906,76.3206787109375,0.0,50.0,1.7279731035232544,0.0,175.7890625,0.0,0.0,1310.5,0.0,298.2318420410156,43.73430252075195,50.00302505493164,0.7728016972541809,1293.05859375,298.2322692871094,270.8827209472656,6892227.5,3009.358154296875,17288.01171875,0.0439999997615814,0.0,2633.01806640625,4240.0,1.3582698106765747,-5.697534084320068,291.9349670410156,0.1237203627824783,0.0,1,769.75341796875,0.0,21.28667449951172,0.0,34524.20703125,39.3219108581543,74.49996948242188,-6.149999618530273,138.3499298095703,0.0010999999940395,0.0,0.0,0.0,75.28862762451172,0.0,291.5215759277344,0.0,-9.346759796142578,0.0,0.0,0.0999999940395355,0.9067617654800416,0.0,-3.377094571987982e-06,50.0,76.3206787109375,14.7992582321167,0.0,21.528301239013672,0.0,50.0,50.0,291.7274169921875,1532.3077392578125,53.73177719116211,0.0,74.50205993652344,Reactor Scram,294.9798583984375
21.262392044067383,1.0467547178268433,0.0,73.20558166503906,0.0,0.0,0.0,0.0,298.2242431640625,291.9329528808594,15.65860366821289,2.2673466205596924,0.0013421513140201,1.045186161994934,0.0,668396.1875,13.511366844177246,335.6814270019531,0.0,1.0457090139389038,7.924896240234375,43.74840927124024,5.154753125680145e-06,882.27197265625,1756.3572998046875,0.0,0.0,10.765748023986816,1.034000039100647,1.3564285039901731,291.5201110839844,76.3033218383789,0.0,50.0,1.7281012535095217,0.0,175.95993041992188,0.0,0.0,1310.5,0.0,298.2238464355469,43.74847412109375,50.00275039672852,0.7728143334388733,1293.0479736328125,298.2242431640625,270.8924560546875,6915018.0,3022.319091796875,17288.01171875,0.0439999997615814,0.0,2632.95361328125,4250.0,1.3569598197937012,-5.712163925170898,291.9330139160156,0.1244467422366142,0.0,1,771.2164306640625,0.0,21.265777587890625,0.0,34524.20703125,39.28398513793945,74.49999237060547,-6.149999618530273,138.3712158203125,0.0010999999940395,0.0,0.0,0.0,75.32261657714844,0.0,291.5200500488281,0.0,-9.361248016357422,0.0,0.0,0.0999999940395355,0.9067617654800416,0.0,-1.03820354979689e-07,50.0,76.3033218383789,14.82376766204834,0.0,21.50677490234375,0.0,50.0,50.0,291.7256774902344,1532.0953369140625,53.67913436889648,0.0,74.50205993652344,Reactor Scram,294.9750061035156
21.25015449523925,1.0467547178268433,0.0,73.21768188476562,0.0,0.0,0.0,0.0,298.2162780761719,291.9310302734375,15.661524772644045,2.2735860347747803,0.0013478614855557,1.045186161994934,0.0,670358.25,13.511367797851562,335.69354248046875,0.0,1.0457090139389038,7.924896240234375,43.76244735717773,5.154753125680145e-06,886.9290771484375,1756.3597412109375,0.0,0.0,10.754984855651855,1.034000039100647,1.3551257848739624,291.51861572265625,76.28612518310547,0.0,50.0,1.7282270193099976,0.0,176.131103515625,0.0,0.0,1310.5,0.0,298.2159118652344,43.76251220703125,50.00254821777344,0.7728269100189209,1293.0374755859375,298.2162780761719,270.902099609375,6937807.0,3035.28076171875,17288.01171875,0.0439999997615814,0.0,2632.889892578125,4260.0,1.3556499481201172,-5.726773738861084,291.9310913085937,0.1251739859580993,0.0,1,772.6773681640625,0.0,21.239770889282227,0.0,34524.20703125,39.24606704711914,74.50000762939453,-6.149999618530273,138.39230346679688,0.0010999999940395,0.0,0.0,0.0,75.35670471191406,0.0,291.5185546875,0.0,-9.37571907043457,0.0,0.0,0.0999999940395355,0.9067617654800416,0.0,-1.4374323598076444e-07,50.0,76.28612518310547,14.84804630279541,0.0,21.48567008972168,0.0,50.0,50.0,291.7239685058594,1531.8829345703125,53.6313591003418,0.0,74.50205993652344,Reactor Scram,294.9701538085937
21.23794174194336,1.0467547178268433,0.0,73.22965240478516,0.0,0.0,0.0,0.0,298.2083435058594,291.9290771484375,15.664451599121094,2.2798428535461426,0.0013535870239138,1.045186161994934,0.0,672318.6875,13.511367797851562,335.7055358886719,0.0,1.0457090139389038,7.924896240234375,43.77638244628906,5.154753125680145e-06,891.598388671875,1756.3621826171875,0.0,0.0,10.744221687316896,1.034000039100647,1.3538284301757812,291.51708984375,76.26908874511719,0.0,50.0,1.7283551692962646,0.0,176.3007354736328,0.0,0.0,1310.5,0.0,298.2079772949219,43.77645111083984,50.00227737426758,0.7728394269943237,1293.027099609375,298.2083435058594,270.9116516113281,6960593.5,3048.279052734375,17288.01171875,0.0439999997615814,0.0,2632.826416015625,4270.0,1.3543542623519895,-5.741363048553467,291.9291687011719,0.1259035021066665,0.0,1,774.1362915039062,0.0,21.219295501708984,0.0,34524.20703125,39.20855712890625,74.50003051757812,-6.149999618530273,138.41319274902344,0.0010999999940395,0.0,0.0,0.0,75.39088439941406,0.0,291.5170288085937,0.0,-9.39016819000244,0.0,0.0,0.0999999940395355,0.9067617654800416,0.0,7.86997929935751e-07,50.0,76.26908874511719,14.872053146362305,0.0,21.46414375305176,0.0,50.0,50.0,291.7222595214844,1531.670654296875,53.57866287231445,0.0,74.50205993652344,Reactor Scram,294.9653625488281
21.2242488861084,1.0467547178268433,0.0,73.24150085449219,0.0,0.0,0.0,0.0,298.20050048828125,291.9271850585937,15.667391777038574,2.28609299659729,0.0013593144249171,1.045186161994934,0.0,674277.5,13.51137638092041,335.7174072265625,0.0,1.0457090139389038,7.924896240234375,43.7901496887207,5.154753125680145e-06,896.2802124023438,1756.3646240234375,0.0,0.0,10.733457565307615,1.034000039100647,1.3525370359420776,291.515625,76.25223541259766,0.0,50.0,1.7284809350967407,0.0,176.4697723388672,0.0,0.0,1310.5,0.0,298.2000732421875,43.79021835327149,50.00216293334961,0.7728517651557922,1293.0166015625,298.20050048828125,270.92108154296875,6983378.0,3061.280517578125,17288.01171875,0.0439999997615814,0.0,2632.763916015625,4280.0,1.3530656099319458,-5.755931377410889,291.92724609375,0.1266339719295501,0.0,1,775.5931396484375,0.0,21.193696975708008,0.0,34524.20703125,39.17124938964844,74.50005340576172,-6.149999618530273,138.43386840820312,0.0010999999940395,0.0,0.0,0.0,75.42520904541016,0.0,291.5155334472656,0.0,-9.404598236083984,0.0,0.0,0.0999999940395355,0.9067617654800416,0.0,-4.170378360868199e-06,50.0,76.25223541259766,14.895812034606934,0.0,21.44304275512696,0.0,50.0,50.0,291.7205505371094,1531.458251953125,53.53090286254883,0.0,74.50205993652344,Reactor Scram,294.9605712890625
21.209396362304688,1.0467547178268433,0.0,73.25322723388672,0.0,0.0,0.0,0.0,298.1925964355469,291.9252319335937,15.670339584350586,2.292360305786133,0.0013650576584041,1.045186161994934,0.0,676234.4375,13.511391639709473,335.7291564941406,0.0,1.0457090139389038,7.924896240234375,43.80381393432617,5.154753125680145e-06,900.9743041992188,1756.3670654296875,0.0,0.0,10.72248363494873,1.034000039100647,1.3512510061264038,291.5140991210937,76.23554229736328,0.0,50.0,1.7286090850830078,0.0,176.63819885253906,0.0,0.0,1310.5,0.0,298.1921691894531,43.80391693115234,50.00213241577149,0.7728642225265503,1293.006103515625,298.1925964355469,270.9304504394531,7006161.5,3074.317626953125,17288.01171875,0.0439999997615814,0.0,2632.701904296875,4290.0,1.3517839908599854,-5.77047872543335,291.9253234863281,0.1273667514324188,0.0,1,777.0478515625,0.0,21.173662185668945,0.0,34524.20703125,39.13414764404297,74.50007629394531,-6.149999618530273,138.454345703125,0.0010999999940395,0.0,0.0,0.0,75.45960998535156,0.0,291.5140075683594,0.0,-9.419005393981934,0.0,0.0,0.0999999940395355,0.9067617654800416,0.0,-1.7197891111209174e-06,50.0,76.23554229736328,14.919342041015623,0.0,21.421092987060547,0.0,50.0,50.0,291.71881103515625,1531.245849609375,53.47819900512695,0.0,74.50205993652344,Reactor Scram,294.9557189941406
21.19253921508789,1.0467547178268433,0.0,73.26485443115234,0.0,0.0,0.0,0.0,298.18475341796875,291.92333984375,15.673295974731444,2.298619270324707,0.0013708013575524,1.045186161994934,0.0,678189.75,13.511407852172852,335.7408142089844,0.0,1.0457090139389038,7.924896240234375,43.817378997802734,5.154753125680145e-06,905.6806640625,1756.3695068359375,0.0,0.0,10.71172046661377,1.034000039100647,1.3499705791473389,291.5126037597656,76.218994140625,0.0,50.0,1.728734850883484,0.0,176.8069305419922,0.0,0.0,1310.5,0.0,298.1843566894531,43.81747817993164,50.00205993652344,0.7728765606880188,1292.995849609375,298.18475341796875,270.9396667480469,7028942.0,3087.35595703125,17288.01171875,0.0439999997615814,0.0,2632.640380859375,4300.0,1.3505024909973145,-5.785005569458008,291.9234313964844,0.1281003504991531,0.0,1,778.5005493164062,0.0,21.14847755432129,0.0,34524.20703125,39.0970458984375,74.50009155273438,-6.149999618530273,138.47463989257812,0.0010999999940395,0.0,0.0,0.0,75.49414825439453,0.0,291.51251220703125,0.0,-9.433394432067873,0.0,0.0,0.0999999940395355,0.9067617654800416,0.0,5.570552161771047e-07,50.0,76.218994140625,14.94259262084961,0.0,21.39999008178711,0.0,50.0,50.0,291.7171325683594,1531.033447265625,53.43040084838867,0.0,74.50205993652344,Reactor Scram,294.95098876953125
21.17686080932617,1.0467547178268433,0.0,73.27637481689453,0.0,0.0,0.0,0.0,298.17694091796875,291.9214172363281,15.676264762878418,2.304895401000977,0.0013765608891844,1.045186161994934,0.0,680143.5,13.511423110961914,335.7523498535156,0.0,1.0457090139389038,7.924896240234375,43.83080673217773,5.154753125680145e-06,910.3994140625,1756.3719482421875,0.0,0.0,10.700956344604492,1.034000039100647,1.3486956357955933,291.5111389160156,76.20260620117188,0.0,50.0,1.7288604974746704,0.0,176.97503662109375,0.0,0.0,1310.5,0.0,298.1765441894531,43.83090591430664,50.00203323364258,0.7728888988494873,1292.9854736328125,298.17694091796875,270.9488220214844,7051720.0,3100.4306640625,17288.01171875,0.0439999997615814,0.0,2632.579345703125,4310.0,1.349228024482727,-5.7995123863220215,291.9215393066406,0.1288362592458725,0.0,1,779.9512329101562,0.0,21.128881454467773,0.0,34524.20703125,39.060150146484375,74.50011444091797,-6.149999618530273,138.49473571777344,0.0010999999940395,0.0,0.0,0.0,75.52879333496094,0.0,291.51104736328125,0.0,-9.447762489318848,0.0,0.0,0.0999999940395355,0.9067617654800416,0.0,1.237316382685094e-06,50.0,76.20260620117188,14.96562385559082,0.0,21.37888526916504,0.0,50.0,50.0,291.7154235839844,1530.8211669921875,53.37762069702149,0.0,74.50205993652344,Reactor Scram,294.9462280273437
21.160545349121094,1.0467547178268433,0.0,73.28777313232422,0.0,0.0,0.0,0.0,298.1691589355469,291.9195251464844,15.679237365722656,2.3111629486083984,0.0013823204208165,1.045186161994934,0.0,682095.25,13.511438369750977,335.7637634277344,0.0,1.0457090139389038,7.924896240234375,43.84413146972656,5.154753125680145e-06,915.1304321289062,1756.3743896484375,0.0,0.0,10.690614700317385,1.034000039100647,1.347426176071167,291.5096435546875,76.1863784790039,0.0,50.0,1.7289860248565674,0.0,177.14439392089844,0.0,0.0,1310.5,0.0,298.1687927246094,43.844234466552734,50.001953125,0.7729011178016663,1292.975341796875,298.1691589355469,270.9579162597656,7074497.0,3113.504638671875,17288.01171875,0.0439999997615814,0.0,2632.518798828125,4320.0,1.3479464054107666,-5.813997268676758,291.91961669921875,0.1295730024576187,0.0,1,781.3997192382812,0.0,21.10411071777344,0.0,34524.20703125,39.023048400878906,74.5001449584961,-6.149999618530273,138.51463317871094,0.0010999999940395,0.0,0.0,0.0,75.56352233886719,0.0,291.5095520019531,0.0,-9.46211051940918,0.0,0.0,0.0999999940395355,0.9067617654800416,0.0,-2.540028617659118e-06,50.0,76.1863784790039,14.98841667175293,0.0,21.358203887939453,0.0,50.0,50.0,291.7137451171875,1530.6087646484375,53.329776763916016,0.0,74.50205993652344,Reactor Scram,294.94146728515625
21.14432907104492,1.0467547178268433,0.0,73.29906463623047,0.0,0.0,0.0,0.0,298.16143798828125,291.91766357421875,15.682225227355955,2.317448854446411,0.001388096017763,1.045186161994934,0.0,684045.5,13.511454582214355,335.77508544921875,0.0,1.0457090139389038,7.924896240234375,43.85732269287109,5.154753125680145e-06,919.8736572265624,1756.3768310546875,0.0,0.0,10.679851531982422,1.034000039100647,1.3461620807647705,291.5081481933594,76.17029571533203,0.0,50.0,1.729109287261963,0.0,177.31126403808594,0.0,0.0,1310.5,0.0,298.1610412597656,43.857421875,50.0019416809082,0.7729132771492004,1292.9652099609375,298.16143798828125,270.96685791015625,7097271.0,3126.61572265625,17288.01171875,0.0439999997615814,0.0,2632.458984375,4330.0,1.3466861248016355,-5.828462600708008,291.9177551269531,0.1303120553493499,0.0,1,782.8462524414062,0.0,21.0849609375,0.0,34524.20703125,38.98656463623047,74.50016021728516,-6.149999618530273,138.53436279296875,0.0010999999940395,0.0,0.0,0.0,75.598388671875,0.0,291.5080871582031,0.0,-9.476439476013184,0.0,0.0,0.0999999940395355,0.9067617654800416,0.0,-1.7704306856103358e-06,50.0,76.17029571533203,15.010961532592772,0.0,21.337100982666016,0.0,50.0,50.0,291.7120666503906,1530.3963623046875,53.27693939208984,0.0,74.50205993652344,Reactor Scram,294.9367980957031
21.12729835510254,1.0467547178268433,0.0,73.31024932861328,0.0,0.0,0.0,0.0,298.1537170410156,291.9158020019531,15.685218811035156,2.3237249851226807,0.0013938717311248,1.045186161994934,0.0,685993.875,13.511470794677734,335.78631591796875,0.0,1.0457090139389038,7.924896240234375,43.87041091918945,5.154753125680145e-06,924.629150390625,1756.3792724609375,0.0,0.0,10.669510841369627,1.034000039100647,1.3449033498764038,291.5066833496094,76.15436553955078,0.0,50.0,1.7292323112487793,0.0,177.4784393310547,0.0,0.0,1310.5,0.0,298.1533508300781,43.87051010131836,50.00188064575195,0.7729254364967346,1292.955078125,298.1537170410156,270.9757080078125,7120043.5,3139.726318359375,17288.01171875,0.0439999997615814,0.0,2632.39990234375,4340.0,1.345425724983215,-5.842908382415772,291.9158935546875,0.1310518682003021,0.0,1,784.2908325195312,0.0,21.06059837341309,0.0,34524.20703125,38.9500732421875,74.50018310546875,-6.149999618530273,138.55389404296875,0.0010999999940395,0.0,0.0,0.0,75.63336181640625,0.0,291.5066223144531,0.0,-9.490750312805176,0.0,0.0,0.0999999940395355,0.9067617654800416,0.0,5.11967255079071e-06,50.0,76.15436553955078,15.033268928527832,0.0,21.31641960144043,0.0,50.0,50.0,291.7104187011719,1530.1839599609375,53.22904968261719,0.0,74.50205993652344,Reactor Scram,294.93212890625
21.11098289489746,1.0467547178268433,0.0,73.3213119506836,0.0,0.0,0.0,0.0,298.14605712890625,291.9139099121094,15.688220977783203,2.330018997192383,0.0013996630441397,1.045186161994934,0.0,687940.6875,13.511486053466797,335.7973937988281,0.0,1.0457090139389038,7.924896240234375,43.88339614868164,5.154753125680145e-06,929.3971557617188,1756.3817138671875,0.0,0.0,10.658957481384276,1.034000039100647,1.3436498641967771,291.5052490234375,76.13861846923828,0.0,50.0,1.7293579578399658,0.0,177.6449737548828,0.0,0.0,1310.5,0.0,298.14569091796875,43.88349914550781,50.001861572265625,0.772937536239624,1292.9447021484375,298.14605712890625,270.9844970703125,7142814.0,3152.873046875,17288.01171875,0.0439999997615814,0.0,2632.341064453125,4350.0,1.344172477722168,-5.857332229614258,291.9140014648437,0.1317939907312393,0.0,1,785.7332153320312,0.0,21.041860580444336,0.0,34524.20703125,38.91379165649414,74.50019836425781,-6.149999618530273,138.57321166992188,0.0010999999940395,0.0,0.0,0.0,75.66840362548828,0.0,291.505126953125,0.0,-9.50503635406494,0.0,0.0,0.0999999940395355,0.9067617654800416,0.0,-1.5954304899423732e-06,50.0,76.13861846923828,15.055346488952637,0.0,21.295738220214844,0.0,50.0,50.0,291.7087097167969,1529.9715576171875,53.17614364624024,0.0,74.50205993652344,Reactor Scram,294.92742919921875
21.09439277648925,1.0467547178268433,0.0,73.332275390625,0.0,0.0,0.0,0.0,298.1383972167969,291.9119873046875,15.691234588623049,2.3363037109375,0.0014054542407393,1.045186161994934,0.0,689885.75,13.511500358581545,335.8083801269531,0.0,1.0457090139389038,7.924896240234375,43.89628219604492,5.154753125680145e-06,934.1771240234376,1756.3841552734375,0.0,0.0,10.64840602874756,1.034000039100647,1.3424017429351809,291.5037536621094,76.12300872802734,0.0,50.0,1.729483723640442,0.0,177.8108673095703,0.0,0.0,1310.5,0.0,298.1380310058594,43.89638519287109,50.00178909301758,0.7729495763778687,1292.9344482421875,298.1383972167969,270.9931945800781,7165582.0,3166.01953125,17288.01171875,0.0439999997615814,0.0,2632.282958984375,4360.0,1.3429263830184937,-5.8717360496521,291.912109375,0.1325369030237198,0.0,1,787.1736450195312,0.0,21.017898559570312,0.0,34524.20703125,38.87771987915039,74.5002212524414,-6.149999618530273,138.59234619140625,0.0010999999940395,0.0,0.0,0.0,75.70361328125,0.0,291.5036315917969,0.0,-9.519302368164062,0.0,0.0,0.0999999940395355,0.9067617654800416,0.0,2.3876091290730983e-06,50.0,76.12300872802734,15.07721710205078,0.0,21.274633407592773,0.0,50.0,50.0,291.70703125,1529.75927734375,53.12820816040039,0.0,74.50205993652344,Reactor Scram,294.9227600097656
21.07617950439453,1.0467547178268433,0.0,73.3431167602539,0.0,0.0,0.0,0.0,298.1307678222656,291.91015625,15.694254875183104,2.342606544494629,0.0014112615026533,1.045186161994934,0.0,691829.125,13.511523246765137,335.8192749023437,0.0,1.0457090139389038,7.924896240234375,43.90899658203125,5.154753125680145e-06,938.9695434570312,1756.3865966796875,0.0,0.0,10.637853622436523,1.034000039100647,1.341158747673035,291.5022888183594,76.10755920410156,0.0,50.0,1.7296042442321775,0.0,177.97706604003906,0.0,0.0,1310.5,0.0,298.1304016113281,43.90909957885742,50.00185775756836,0.7729615569114685,1292.924560546875,298.1307678222656,271.0018005371094,7188348.0,3179.2021484375,17288.01171875,0.0439999997615814,0.0,2632.225341796875,4370.0,1.3416801691055298,-5.886121273040772,291.9102783203125,0.1332820951938629,0.0,1,788.6121215820312,0.0,20.99959373474121,0.0,34524.20703125,38.84164047241211,74.500244140625,-6.149999618530273,138.61131286621094,0.0010999999940395,0.0,0.0,0.0,75.73886108398438,0.0,291.5022277832031,0.0,-9.533555030822754,0.0,0.0,0.0999999940395355,0.9067617654800416,0.0,-3.093748091487214e-06,50.0,76.10755920410156,15.09881591796875,0.0,21.253952026367188,0.0,50.0,50.0,291.70538330078125,1529.546875,53.07523727416992,0.0,74.50205993652344,Reactor Scram,294.9181213378906
21.055383682250977,1.0467547178268433,0.0,73.35385131835938,0.0,0.0,0.0,0.0,298.1231994628906,291.9082946777344,15.69728660583496,2.348942518234253,0.0014170936774462,1.045186161994934,0.0,693770.75,13.511550903320312,335.8300476074219,0.0,1.0457090139389038,7.924896240234375,43.92164611816406,5.154753125680145e-06,943.7739868164062,1756.3890380859375,0.0,0.0,10.627511978149414,1.034000039100647,1.339920997619629,291.5008544921875,76.09226989746094,0.0,50.0,1.7297273874282837,0.0,178.14260864257812,0.0,0.0,1310.5,0.0,298.1228332519531,43.92174911499024,50.00194549560547,0.7729734778404236,1292.91455078125,298.1231994628906,271.0102844238281,7211112.5,3192.44140625,17288.01171875,0.0439999997615814,0.0,2632.168212890625,4380.0,1.340441107749939,-5.900485038757324,291.9084167480469,0.1340304911136627,0.0,1,790.0485229492188,0.0,20.97648048400879,0.0,34524.20703125,38.80577087402344,74.5002670288086,-6.149999618530273,138.6300506591797,0.0010999999940395,0.0,0.0,0.0,75.7742919921875,0.0,291.5007629394531,0.0,-9.547783851623535,0.0,0.0,0.0999999940395355,0.9067617654800416,0.0,1.5508327351199114e-06,50.0,76.09226989746094,15.120203971862791,0.0,21.233692169189453,0.0,50.0,50.0,291.7037353515625,1529.33447265625,53.02816009521485,0.0,74.50206756591797,Reactor Scram,294.9135437011719
21.03420066833496,1.0467547178268433,0.0,73.36445617675781,0.0,0.0,0.0,0.0,298.1156616210937,291.9064636230469,15.700325012207031,2.355332374572754,0.0014229639200493,1.045186161994934,0.0,695710.875,13.511578559875488,335.8406982421875,0.0,1.0457090139389038,7.924896240234375,43.93412399291992,5.154753125680145e-06,948.5906372070312,1756.3914794921875,0.0,0.0,10.61695957183838,1.034000039100647,1.3386884927749634,291.4994506835937,76.07713317871094,0.0,50.0,1.7298479080200195,0.0,178.30752563476562,0.0,0.0,1310.5,0.0,298.1152648925781,43.934226989746094,50.00204086303711,0.7729854583740234,1292.90478515625,298.1156616210937,271.0186767578125,7233874.5,3205.766357421875,17288.01171875,0.0439999997615814,0.0,2632.11181640625,4390.0,1.3392090797424316,-5.914829730987549,291.9065856933594,0.1347832828760147,0.0,1,791.4829711914062,0.0,20.954090118408203,0.0,34524.20703125,38.77010345458984,74.50031280517578,-6.149999618530273,138.64862060546875,0.0010999999940395,0.0,0.0,0.0,75.8097915649414,0.0,291.49932861328125,0.0,-9.561996459960938,0.0,0.0,0.0999999940395355,0.9067617654800416,0.0,5.027983661420876e-06,50.0,76.07713317871094,15.141375541687012,0.0,21.212589263916016,0.0,50.0,50.0,291.7021179199219,1529.1220703125,52.98208999633789,0.0,74.50209045410156,Reactor Scram,294.908935546875
21.014793395996094,1.0467547178268433,0.0,73.37495422363281,0.0,0.0,0.0,0.0,298.108154296875,291.9046325683594,15.703373908996582,2.361756563186645,0.0014288596576079,1.045186161994934,0.0,697649.125,13.511606216430664,335.85125732421875,0.0,1.0457090139389038,7.924896240234375,43.94649887084961,5.154753125680145e-06,953.419677734375,1756.3939208984375,0.0,0.0,10.60661792755127,1.034000039100647,1.3374608755111694,291.4979858398437,76.0621566772461,0.0,50.0,1.729970932006836,0.0,178.47177124023438,0.0,0.0,1310.5,0.0,298.1077880859375,43.94660186767578,50.002197265625,0.772997260093689,1292.89453125,298.108154296875,271.02703857421875,7256634.0,3219.15087890625,17288.01171875,0.0439999997615814,0.0,2632.05615234375,4400.0,1.3379842042922974,-5.929153919219971,291.9047546386719,0.1355393081903457,0.0,1,792.9154052734375,0.0,20.937530517578125,0.0,34524.20703125,38.734642028808594,74.5003433227539,-6.149999618530273,138.6669921875,0.0010999999940395,0.0,0.0,0.0,75.84539794921875,0.0,291.49786376953125,0.0,-9.57618522644043,0.0,0.0,0.0999999940395355,0.9067617654800416,0.0,-4.241764600010356e-06,50.0,76.0621566772461,15.162322998046877,0.0,21.19232940673828,0.0,50.0,50.0,291.700439453125,1528.9097900390625,52.93128204345703,0.0,74.50210571289062,Reactor Scram,294.90435791015625
20.99264907836914,1.0467547178268433,0.0,73.38533782958984,0.0,0.0,0.0,0.0,298.1006164550781,291.9028015136719,15.70643138885498,2.3681859970092773,0.001434764242731,1.0455379486083984,0.0,699585.6875,13.511632919311523,335.8616943359375,0.0,1.0459436178207395,7.924896240234375,43.95884323120117,5.154753125680145e-06,958.2608032226562,1756.3963623046875,0.0,0.0,10.596277236938477,1.034000039100647,1.3362387418746948,291.4965515136719,76.0473403930664,0.0,50.0,1.7300891876220703,0.0,178.67091369628906,0.0,0.0,1310.5,0.0,298.1002502441406,43.95887756347656,50.00228500366211,0.7730090618133545,1292.8848876953125,298.1006164550781,271.0352783203125,7279392.0,3232.554443359375,17288.01171875,0.0439999997615814,0.0,2632.000732421875,4410.0,1.33675217628479,-5.94345760345459,291.90283203125,0.1362969875335693,0.0,1,794.3457641601562,0.0,20.91582489013672,0.0,34535.83203125,38.698974609375,74.50038146972656,-6.149999618530273,138.68515014648438,0.0010999999940395,0.0,0.0,0.0,75.88113403320312,0.0,291.4964904785156,0.0,-9.59035873413086,0.0,0.0,0.0999999940395355,0.9067617654800416,0.0,-1.5259104202414164e-06,50.0,76.0473403930664,15.183072090148926,0.0,21.1718864440918,0.0,50.0,50.0,291.6988525390625,1528.6973876953125,52.88581466674805,0.0,74.50212097167969,Reactor Scram,294.8997802734375
20.97196388244629,1.0467547178268433,0.0,73.39562225341797,0.0,0.0,0.0,0.0,298.0931701660156,291.90093994140625,15.709495544433594,2.37458872795105,0.0014406577683985,1.0455379486083984,0.0,701520.625,13.51165771484375,335.8720092773437,0.0,1.0459436178207395,7.924896240234375,43.97101593017578,5.154753125680145e-06,963.1140747070312,1756.3988037109375,0.0,0.0,10.585935592651367,1.034000039100647,1.3350213766098022,291.4951171875,76.03267669677734,0.0,50.0,1.7302122116088867,0.0,178.8339080810547,0.0,0.0,1310.5,0.0,298.0928039550781,43.97105026245117,50.00234222412109,0.77302086353302,1292.875,298.0931701660156,271.0433959960937,7302148.0,3245.9326171875,17288.01171875,0.0439999997615814,0.0,2631.94580078125,4420.0,1.3355413675308228,-5.957742214202881,291.9009704589844,0.1370543837547302,0.0,1,795.7742309570312,0.0,20.89396858215332,0.0,34535.83203125,38.66392135620117,74.50040435791016,-6.149999618530273,138.703125,0.0010999999940395,0.0,0.0,0.0,75.91693878173828,0.0,291.4950561523437,0.0,-9.604509353637695,0.0,0.0,0.0999999940395355,0.9067617654800416,0.0,4.59247758044512e-06,50.0,76.03267669677734,15.20356559753418,0.0,21.15120506286621,0.0,50.0,50.0,291.6972045898437,1528.4849853515625,52.83966064453125,0.0,74.50212860107422,Reactor Scram,294.8952331542969
20.951091766357425,1.0467547178268433,0.0,73.40579223632812,0.0,0.0,0.0,0.0,298.085693359375,291.89910888671875,15.71257209777832,2.3810513019561768,0.0014465929707512,1.0455379486083984,0.0,703453.9375,13.511680603027344,335.8822326660156,0.0,1.0459436178207395,7.924896240234375,43.98308944702149,5.154753125680145e-06,967.9794921875,1756.4012451171875,0.0,0.0,10.575593948364258,1.034000039100647,1.3338090181350708,291.4936828613281,76.0181655883789,0.0,50.0,1.7303352355957031,0.0,178.9981231689453,0.0,0.0,1310.5,0.0,298.0853271484375,43.98311996459961,50.00239562988281,0.773032546043396,1292.8651123046875,298.085693359375,271.0514831542969,7324901.5,3259.405517578125,17288.01171875,0.0439999997615814,0.0,2631.891845703125,4430.0,1.334323525428772,-5.972006797790527,291.8991394042969,0.1378166079521179,0.0,1,797.20068359375,0.0,20.87286949157715,0.0,34535.83203125,38.628665924072266,74.50044250488281,-6.149999618530273,138.72093200683594,0.0010999999940395,0.0,0.0,0.0,75.95289611816406,0.0,291.49365234375,0.0,-9.61863899230957,0.0,0.0,0.0999999940395355,0.9067617654800416,0.0,9.68040353654942e-07,50.0,76.0181655883789,15.223855018615724,0.0,21.13094520568848,0.0,50.0,50.0,291.6955261230469,1528.2725830078125,52.794654846191406,0.0,74.50214385986328,Reactor Scram,294.89068603515625
20.93109893798828,1.0467547178268433,0.0,73.41584777832031,0.0,0.0,0.0,0.0,298.0782470703125,291.8973083496094,15.715651512145996,2.387481451034546,0.001452513737604,1.0455379486083984,0.0,705385.5625,13.511704444885254,335.892333984375,0.0,1.0459436178207395,7.924896240234375,43.99499130249024,5.154753125680145e-06,972.8571166992188,1756.4036865234375,0.0,0.0,10.56546401977539,1.034000039100647,1.33260178565979,291.49224853515625,76.0038070678711,0.0,50.0,1.7304532527923584,0.0,179.16355895996094,0.0,0.0,1310.5,0.0,298.077880859375,43.99502182006836,50.00249862670898,0.7730443477630615,1292.8553466796875,298.0782470703125,271.0594787597656,7347653.0,3272.84619140625,17288.01171875,0.0439999997615814,0.0,2631.838134765625,4440.0,1.3330986499786377,-5.986251354217529,291.8973388671875,0.1385782361030578,0.0,1,798.6251220703125,0.0,20.851560592651367,0.0,34535.83203125,38.593204498291016,74.50047302246094,-6.149999618530273,138.73854064941406,0.0010999999940395,0.0,0.0,0.0,75.98885345458984,0.0,291.4922180175781,0.0,-9.632753372192385,0.0,0.0,0.0999999940395355,0.9067617654800416,0.0,-3.1085708087630337e-06,50.0,76.0038070678711,15.243932723999023,0.0,21.11068725585937,0.0,50.0,50.0,291.6939392089844,1528.061279296875,52.74885559082031,0.0,74.50215148925781,Reactor Scram,294.8861389160156
20.91041755676269,1.0467547178268433,0.0,73.42581176757812,0.0,0.0,0.0,0.0,298.07080078125,291.8954772949219,15.718744277954102,2.393893241882324,0.0014584289165213,1.0455379486083984,0.0,707315.5625,13.511724472045898,335.90234375,0.0,1.0459436178207395,7.924896240234375,44.00679016113281,5.154753125680145e-06,977.746826171875,1756.4061279296875,0.0,0.0,10.55512237548828,1.034000039100647,1.3313993215560913,291.4908142089844,75.98959350585938,0.0,50.0,1.7305712699890137,0.0,179.32835388183594,0.0,0.0,1310.5,0.0,298.0704345703125,44.0068588256836,50.00251388549805,0.7730560898780823,1292.845703125,298.07080078125,271.0673522949219,7370402.5,3286.273681640625,17288.01171875,0.0439999997615814,0.0,2631.784912109375,4450.0,1.331880807876587,-6.000476837158203,291.89556884765625,0.1393401026725769,0.0,1,800.0477294921875,0.0,20.83560562133789,0.0,34535.83203125,38.55794906616211,74.50048828125,-6.149999618530273,138.75596618652344,0.0010999999940395,0.0,0.0,0.0,76.0250015258789,0.0,291.49078369140625,0.0,-9.646849632263184,0.0,0.0,0.0999999940395355,0.9067617654800416,0.0,1.5102440329428646e-06,50.0,75.98959350585938,15.263790130615234,0.0,21.09042739868164,0.0,50.0,50.0,291.6923522949219,1527.85107421875,52.69719314575195,0.0,74.50215148925781,Reactor Scram,294.881591796875
20.889549255371094,1.0467547178268433,0.0,73.4356689453125,0.0,0.0,0.0,0.0,298.0634765625,291.8936462402344,15.721842765808104,2.4002957344055176,0.0014643431641161,1.0455379486083984,0.0,709243.75,13.511746406555176,335.9122619628906,0.0,1.0459436178207395,7.924896240234375,44.01852035522461,5.154753125680145e-06,982.6484985351562,1756.4085693359375,0.0,0.0,10.544992446899414,1.034000039100647,1.3302018642425537,291.4894104003906,75.97554016113281,0.0,50.0,1.7306944131851196,0.0,179.4896240234375,0.0,0.0,1310.5,0.0,298.0630798339844,44.01858901977539,50.00254821777344,0.7730675935745239,1292.8358154296875,298.0634765625,271.0751647949219,7393150.5,3299.699462890625,17288.01171875,0.0439999997615814,0.0,2631.732666015625,4460.0,1.3306913375854492,-6.014681816101074,291.89373779296875,0.1401026844978332,0.0,1,801.4682006835938,0.0,20.814302444458008,0.0,34535.83203125,38.52351379394531,74.50050354003906,-6.149999618530273,138.77320861816406,0.0010999999940395,0.0,0.0,0.0,76.06121063232422,0.0,291.4893798828125,0.0,-9.66092014312744,0.0,0.0,0.0999999940395355,0.9067617654800416,0.0,-1.0388454256826662e-06,50.0,75.97554016113281,15.28346061706543,0.0,21.070167541503903,0.0,50.0,50.0,291.690673828125,1527.640869140625,52.65060043334961,0.0,74.50215148925781,Reactor Scram,294.87713623046875
20.86964988708496,1.0467547178268433,0.0,73.4454116821289,0.0,0.0,0.0,0.0,298.0560913085937,291.891845703125,15.72495174407959,2.4067962169647217,0.0014703221386298,1.0455379486083984,0.0,711170.3125,13.511764526367188,335.92205810546875,0.0,1.0459436178207395,7.924896240234375,44.03011703491211,5.154753125680145e-06,987.5624389648438,1756.4110107421875,0.0,0.0,10.534862518310549,1.034000039100647,1.3290092945098877,291.4880065917969,75.96161651611328,0.0,50.0,1.730812430381775,0.0,179.65309143066406,0.0,0.0,1310.5,0.0,298.0557556152344,44.03018569946289,50.00255584716797,0.7730792164802551,1292.826171875,298.0560913085937,271.0828857421875,7415895.5,3313.271484375,17288.01171875,0.0439999997615814,0.0,2631.680419921875,4470.0,1.3294875621795654,-6.028868198394775,291.8919372558594,0.1408722698688507,0.0,1,802.8868408203125,0.0,20.79411125183105,0.0,34535.83203125,38.48866653442383,74.50054168701172,-6.149999618530273,138.79026794433594,0.0010999999940395,0.0,0.0,0.0,76.0975570678711,0.0,291.4879455566406,0.0,-9.674976348876951,0.0,0.0,0.0999999940395355,0.9067617654800416,0.0,4.106133474124363e-06,50.0,75.96161651611328,15.30290412902832,0.0,21.050329208374023,0.0,50.0,50.0,291.6890869140625,1527.4307861328125,52.60590744018555,0.0,74.5021743774414,Reactor Scram,294.8726501464844
20.849424362182617,1.0467547178268433,0.0,73.45506286621094,0.0,0.0,0.0,0.0,298.048828125,291.8900756835937,15.728068351745604,2.4132213592529297,0.0014762607170268,1.0455379486083984,0.0,713095.125,13.511783599853516,335.9317321777344,0.0,1.0459436178207395,7.924896240234375,44.0416145324707,5.154753125680145e-06,992.4884033203124,1756.4134521484375,0.0,0.0,10.524731636047363,1.034000039100647,1.3278214931488037,291.486572265625,75.9478530883789,0.0,50.0,1.7309304475784302,0.0,179.81396484375,0.0,0.0,1310.5,0.0,298.0484313964844,44.04168319702149,50.002559661865234,0.773090660572052,1292.816650390625,298.048828125,271.0905456542969,7438639.5,3326.75244140625,17288.01171875,0.0439999997615814,0.0,2631.62890625,4480.0,1.3283051252365112,-6.043034553527832,291.89013671875,0.141638770699501,0.0,1,804.303466796875,0.0,20.773286819458008,0.0,34535.83203125,38.45443344116211,74.50055694580078,-6.149999618530273,138.80715942382812,0.0010999999940395,0.0,0.0,0.0,76.13397216796875,0.0,291.4865417480469,0.0,-9.689013481140137,0.0,0.0,0.0999999940395355,0.9067617654800416,0.0,7.957470415931311e-07,50.0,75.9478530883789,15.322152137756348,0.0,21.03006935119629,0.0,50.0,50.0,291.6875,1527.2205810546875,52.5595817565918,0.0,74.5021743774414,Reactor Scram,294.8681640625
20.82950210571289,1.0467547178268433,0.0,73.464599609375,0.0,0.0,0.0,0.0,298.0415954589844,291.8883056640625,15.73119068145752,2.4197440147399902,0.0014822636730968,1.0455379486083984,0.0,715018.3125,13.511801719665527,335.9413452148437,0.0,1.0459436178207395,7.924896240234375,44.05297470092773,5.154753125680145e-06,997.426513671875,1756.4158935546875,0.0,0.0,10.514813423156738,1.034000039100647,1.3266385793685913,291.4851989746094,75.93421936035156,0.0,50.0,1.7310459613800049,0.0,179.97511291503906,0.0,0.0,1310.5,0.0,298.0412292480469,44.05303955078125,50.00257110595703,0.7731020450592041,1292.80712890625,298.0415954589844,271.09814453125,7461381.0,3340.37939453125,17288.01171875,0.0439999997615814,0.0,2631.577880859375,4490.0,1.327122688293457,-6.0571818351745605,291.88836669921875,0.1424122750759124,0.0,1,805.7181396484375,0.0,20.753582000732425,0.0,34535.83203125,38.42020034790039,74.5005874633789,-6.149999618530273,138.82388305664062,0.0010999999940395,0.0,0.0,0.0,76.17048645019531,0.0,291.48516845703125,0.0,-9.703033447265623,0.0,0.0,0.0999999940395355,0.9067617654800416,0.0,-2.108506350850803e-06,50.0,75.93421936035156,15.341194152832031,0.0,21.01023292541504,0.0,50.0,50.0,291.6859436035156,1527.0103759765625,52.5151252746582,0.0,74.50218963623047,Reactor Scram,294.8638000488281
20.809654235839844,1.0467547178268433,0.0,73.47406005859375,0.0,0.0,0.0,0.0,298.0343322753906,291.8865051269531,15.73432445526123,2.4261906147003174,0.0014882258838042,1.0455379486083984,0.0,716939.875,13.51181983947754,335.9508361816406,0.0,1.0459436178207395,7.924896240234375,44.06429672241211,5.154753125680145e-06,1002.3766479492188,1756.4183349609375,0.0,0.0,10.504470825195312,1.034000039100647,1.3254603147506714,291.4837951660156,75.92073059082031,0.0,50.0,1.7311664819717407,0.0,180.13555908203125,0.0,0.0,1310.5,0.0,298.0339660644531,44.0643310546875,50.0025634765625,0.773113489151001,1292.79736328125,298.0343322753906,271.1056213378906,7484120.0,3353.913818359375,17288.01171875,0.0439999997615814,0.0,2631.527587890625,4500.0,1.325947403907776,-6.071310043334961,291.88653564453125,0.1431826204061508,0.0,1,807.1309814453125,0.0,20.73325157165528,0.0,34535.83203125,38.38617706298828,74.50060272216797,-6.149999618530273,138.8404083251953,0.0010999999940395,0.0,0.0,0.0,76.20710754394531,0.0,291.4837646484375,0.0,-9.71703052520752,0.0,0.0,0.0999999940395355,0.9067617654800416,0.0,-4.6066265895206016e-06,50.0,75.92073059082031,15.360030174255373,0.0,20.989973068237305,0.0,50.0,50.0,291.6842956542969,1526.80029296875,52.46902084350586,0.0,74.50218963623047,Reactor Scram,294.8593444824219
20.789682388305664,1.0467547178268433,0.0,73.48340606689453,0.0,0.0,0.0,0.0,298.027099609375,291.8847351074219,15.73746395111084,2.4326415061950684,0.0014941949630156,1.0455379486083984,0.0,718859.75,13.511837005615234,335.9602355957031,0.0,1.0459436178207395,7.924896240234375,44.07542037963867,5.154753125680145e-06,1007.3387451171876,1756.4207763671875,0.0,0.0,10.494762420654297,1.034000039100647,1.3242868185043335,291.482421875,75.90738677978516,0.0,50.0,1.7312819957733154,0.0,180.29725646972656,0.0,0.0,1310.5,0.0,298.0267639160156,44.07548904418945,50.002559661865234,0.7731248140335083,1292.7882080078125,298.027099609375,271.113037109375,7506859.0,3367.464599609375,17288.01171875,0.0439999997615814,0.0,2631.477294921875,4510.0,1.3247649669647217,-6.0854172706604,291.8847961425781,0.1439544558525085,0.0,1,808.541748046875,0.0,20.71307945251465,0.0,34535.83203125,38.35194396972656,74.50062561035156,-6.149999618530273,138.85678100585938,0.0010999999940395,0.0,0.0,0.0,76.24380493164062,0.0,291.4823608398437,0.0,-9.731009483337402,0.0,0.0,0.0999999940395355,0.9067617654800416,0.0,-2.5501306026853854e-06,50.0,75.90738677978516,15.378687858581545,0.0,20.97055625915528,0.0,50.0,50.0,291.6827392578125,1526.590087890625,52.422889709472656,0.0,74.50218963623047,Reactor Scram,294.8549499511719
20.76931953430176,1.0467547178268433,0.0,73.49264526367188,0.0,0.0,0.0,0.0,298.0199584960937,291.8829345703125,15.740615844726562,2.439192295074463,0.0015002307482063,1.0455379486083984,0.0,720778.0,13.51185703277588,335.96954345703125,0.0,1.0459436178207395,7.924896240234375,44.08657455444336,5.154753125680145e-06,1012.3128662109376,1756.4232177734375,0.0,0.0,10.484633445739746,1.034000039100647,1.3231180906295776,291.48101806640625,75.89418029785156,0.0,50.0,1.7314025163650513,0.0,180.4563446044922,0.0,0.0,1310.5,0.0,298.01959228515625,44.08660888671875,50.00259399414063,0.7731360793113708,1292.7784423828125,298.0199584960937,271.120361328125,7529593.5,3381.1650390625,17288.01171875,0.0439999997615814,0.0,2631.42822265625,4520.0,1.3236037492752075,-6.099507808685303,291.8829650878906,0.1447334885597229,0.0,1,809.9507446289062,0.0,20.69401931762696,0.0,34535.83203125,38.31832885742188,74.50065612792969,-6.149999618530273,138.8729705810547,0.0010999999940395,0.0,0.0,0.0,76.28065490722656,0.0,291.48095703125,0.0,-9.74496841430664,0.0,0.0,0.0999999940395355,0.9067617654800416,0.0,-2.305526010104586e-07,50.0,75.89418029785156,15.397138595581056,0.0,20.95071792602539,0.0,50.0,50.0,291.6811218261719,1526.3798828125,52.37868881225586,0.0,74.50220489501953,Reactor Scram,294.8506164550781
20.749473571777344,1.0467547178268433,0.0,73.50179290771484,0.0,0.0,0.0,0.0,298.0128173828125,291.8811340332031,15.743770599365234,2.4456658363342285,0.0015062246238812,1.0455379486083984,0.0,722694.5,13.511874198913574,335.9787292480469,0.0,1.0459436178207395,7.924896240234375,44.09753036499024,5.154753125680145e-06,1017.2991943359376,1756.4256591796875,0.0,0.0,10.474502563476562,1.034000039100647,1.3219540119171145,291.4796447753906,75.88111877441406,0.0,50.0,1.731518030166626,0.0,180.6157073974609,0.0,0.0,1310.5,0.0,298.0124206542969,44.09759521484375,50.00259399414063,0.7731473445892334,1292.76904296875,298.0128173828125,271.1275939941406,7552327.0,3394.771484375,17288.01171875,0.0439999997615814,0.0,2631.379150390625,4530.0,1.3224425315856934,-6.113576889038086,291.8812255859375,0.145509272813797,0.0,1,811.357666015625,0.0,20.67431259155273,0.0,34535.83203125,38.28470993041992,74.50067138671875,-6.149999618530273,138.8889923095703,0.0010999999940395,0.0,0.0,0.0,76.3175277709961,0.0,291.4796142578125,0.0,-9.7589111328125,0.0,0.0,0.0999999940395355,0.9067617654800416,0.0,3.067362968067755e-06,50.0,75.88111877441406,15.415387153625488,0.0,20.93088150024414,0.0,50.0,50.0,291.6795654296875,1526.1697998046875,52.33283233642578,0.0,74.50220489501953,Reactor Scram,294.84619140625
20.730010986328125,1.0467547178268433,0.0,73.5108413696289,0.0,0.0,0.0,0.0,298.0056457519531,291.8794250488281,15.74693775177002,2.452143669128418,0.0015122257173061,1.0455379486083984,0.0,724609.25,13.511890411376951,335.9878234863281,0.0,1.0459436178207395,7.924896240234375,44.10834503173828,5.154753125680145e-06,1022.2974243164062,1756.4281005859375,0.0,0.0,10.464794158935549,1.034000039100647,1.3207944631576538,291.4782409667969,75.86820220947266,0.0,50.0,1.7316334247589111,0.0,180.7762908935547,0.0,0.0,1310.5,0.0,298.0053100585937,44.10841369628906,50.00257873535156,0.773158609867096,1292.7596435546875,298.0056457519531,271.1347961425781,7575058.5,3408.39404296875,17288.01171875,0.0439999997615814,0.0,2631.330810546875,4540.0,1.3212742805480957,-6.127627372741699,291.8794860839844,0.1462865024805069,0.0,1,812.7627563476562,0.0,20.654769897460938,0.0,34535.83203125,38.25088882446289,74.50068664550781,-6.149999618530273,138.90484619140625,0.0010999999940395,0.0,0.0,0.0,76.35455322265625,0.0,291.47821044921875,0.0,-9.772834777832031,0.0,0.0,0.0999999940395355,0.9067617654800416,0.0,9.139876624431054e-07,50.0,75.86820220947266,15.433460235595703,0.0,20.91146469116211,0.0,50.0,50.0,291.6780090332031,1525.9595947265625,52.286956787109375,0.0,74.50220489501953,Reactor Scram,294.84185791015625
20.7103328704834,1.0467547178268433,0.0,73.5197982788086,0.0,0.0,0.0,0.0,297.9985656738281,291.87762451171875,15.750107765197754,2.458674430847168,0.0015182642964646,1.0455379486083984,0.0,726522.5,13.511907577514648,335.9968566894531,0.0,1.0459436178207395,7.924896240234375,44.1191635131836,5.154753125680145e-06,1027.3076171875,1756.4305419921875,0.0,0.0,10.45466423034668,1.034000039100647,1.3196395635604858,291.4768981933594,75.85540771484375,0.0,50.0,1.7317514419555664,0.0,180.9342498779297,0.0,0.0,1310.5,0.0,297.9981994628906,44.11922836303711,50.002586364746094,0.7731698155403137,1292.7501220703125,297.9985656738281,271.14190673828125,7597787.0,3422.10205078125,17288.01171875,0.0439999997615814,0.0,2631.28271484375,4550.0,1.320127248764038,-6.141659259796143,291.877685546875,0.1470682173967361,0.0,1,814.1658935546875,0.0,20.63587951660156,0.0,34535.83203125,38.21768569946289,74.50071716308594,-6.149999618530273,138.9205322265625,0.0010999999940395,0.0,0.0,0.0,76.39160919189453,0.0,291.476806640625,0.0,-9.786737442016602,0.0,0.0,0.0999999940395355,0.9067617654800416,0.0,-1.1193569662282243e-06,50.0,75.85540771484375,15.45132541656494,0.0,20.89162826538086,0.0,50.0,50.0,291.6763916015625,1525.74951171875,52.24203109741211,0.0,74.50221252441406,Reactor Scram,294.8375244140625
20.69100379943848,1.0467547178268433,0.0,73.52865600585938,0.0,0.0,0.0,0.0,297.9914855957031,291.8758850097656,15.753292083740234,2.465165615081787,0.0015242838999256,1.0455379486083984,0.0,728434.25,13.511923789978027,336.0057678222656,0.0,1.0459436178207395,7.924896240234375,44.129844665527344,5.154753125680145e-06,1032.3299560546875,1756.4329833984375,0.0,0.0,10.444955825805664,1.034000039100647,1.3184891939163208,291.4754943847656,75.8427505493164,0.0,50.0,1.7318669557571411,0.0,181.09344482421875,0.0,0.0,1310.5,0.0,297.9910888671875,44.129878997802734,50.00257873535156,0.7731809616088867,1292.740966796875,297.9914855957031,271.14892578125,7620514.0,3435.766845703125,17288.01171875,0.0439999997615814,0.0,2631.235595703125,4560.0,1.3189730644226074,-6.155671119689941,291.8759155273437,0.1478488445281982,0.0,1,815.5670776367188,0.0,20.61671638488769,0.0,34535.83203125,38.184268951416016,74.500732421875,-6.149999618530273,138.93605041503906,0.0010999999940395,0.0,0.0,0.0,76.4288330078125,0.0,291.4754333496094,0.0,-9.800622940063477,0.0,0.0,0.0999999940395355,0.9067617654800416,0.0,1.5449659258592874e-06,50.0,75.8427505493164,15.469013214111328,0.0,20.872211456298828,0.0,50.0,50.0,291.6748352050781,1525.539306640625,52.19624328613281,0.0,74.50221252441406,Reactor Scram,294.83319091796875
20.67155647277832,1.0467547178268433,0.0,73.53741455078125,0.0,0.0,0.0,0.0,297.9844665527344,291.8741149902344,15.756479263305664,2.4717118740081787,0.0015303421532735,1.0455379486083984,0.0,730344.125,13.51194190979004,336.0145874023437,0.0,1.0459436178207395,7.924896240234375,44.14038848876953,5.154753125680145e-06,1037.364013671875,1756.4354248046875,0.0,0.0,10.435036659240724,1.034000039100647,1.3173434734344482,291.4741516113281,75.83023071289062,0.0,50.0,1.7319824695587158,0.0,181.2509613037109,0.0,0.0,1310.5,0.0,297.98406982421875,44.14045715332031,50.00259017944336,0.7731920480728149,1292.7314453125,297.9844665527344,271.1558837890625,7643239.5,3449.51953125,17288.01171875,0.0439999997615814,0.0,2631.1884765625,4570.0,1.3178331851959229,-6.1696648597717285,291.87420654296875,0.148633986711502,0.0,1,816.9664916992188,0.0,20.59819984436035,0.0,34535.83203125,38.15127182006836,74.5007553100586,-6.149999618530273,138.95140075683594,0.0010999999940395,0.0,0.0,0.0,76.46609497070312,0.0,291.4740600585937,0.0,-9.81449031829834,0.0,0.0,0.0999999940395355,0.9067617654800416,0.0,-2.243360086140456e-06,50.0,75.83023071289062,15.48651885986328,0.0,20.85279655456543,0.0,50.0,50.0,291.6732788085937,1525.3291015625,52.15143966674805,0.0,74.5022201538086,Reactor Scram,294.82891845703125
20.651784896850582,1.0467547178268433,0.0,73.54609680175781,0.0,0.0,0.0,0.0,297.97735595703125,291.87237548828125,15.759678840637209,2.478220224380493,0.0015363820130005,1.0455379486083984,0.0,732252.25,13.511958122253418,336.0232849121094,0.0,1.0459436178207395,7.924896240234375,44.1508674621582,5.154753125680145e-06,1042.4100341796875,1756.4378662109375,0.0,0.0,10.425328254699709,1.034000039100647,1.316202163696289,291.4727478027344,75.81784057617188,0.0,50.0,1.7320977449417114,0.0,181.4106903076172,0.0,0.0,1310.5,0.0,297.9770202636719,44.15093612670898,50.002586364746094,0.7732032537460327,1292.72216796875,297.97735595703125,271.16278076171875,7665963.5,3463.230224609375,17288.01171875,0.0439999997615814,0.0,2631.14208984375,4580.0,1.3166790008544922,-6.183639049530029,291.8724365234375,0.1494181305170059,0.0,1,818.3638916015625,0.0,20.57942581176757,0.0,34535.83203125,38.11785888671875,74.50077056884766,-6.149999618530273,138.9665985107422,0.0010999999940395,0.0,0.0,0.0,76.50350189208984,0.0,291.4726867675781,0.0,-9.82833766937256,0.0,0.0,0.0999999940395355,0.9067617654800416,0.0,-4.338092367106583e-06,50.0,75.81784057617188,15.503827095031738,0.0,20.83338165283203,0.0,50.0,50.0,291.6717224121094,1525.1190185546875,52.10579681396485,0.0,74.5022201538086,Reactor Scram,294.8245544433594
20.633346557617188,1.0467547178268433,0.0,73.55467224121094,0.0,0.0,0.0,0.0,297.970458984375,291.8706359863281,15.762882232666016,2.484761953353882,0.0015424474840983,1.0455379486083984,0.0,734159.0625,13.511974334716797,336.0319519042969,0.0,1.0459436178207395,7.924896240234375,44.1612434387207,5.154753125680145e-06,1047.46826171875,1756.4403076171875,0.0,0.0,10.415620803833008,1.034000039100647,1.3150652647018433,291.4714050292969,75.80557250976562,0.0,50.0,1.732213258743286,0.0,181.56678771972656,0.0,0.0,1310.5,0.0,297.9700927734375,44.16131210327149,50.00258255004883,0.7732140421867371,1292.712890625,297.970458984375,271.1695861816406,7688685.0,3476.999267578125,17288.01171875,0.0439999997615814,0.0,2631.095947265625,4590.0,1.3155531883239746,-6.197595596313477,291.8706970214844,0.1502055823802948,0.0,1,819.7595825195312,0.0,20.55556869506836,0.0,34535.83203125,38.08526611328125,74.50080108642578,-6.149999618530273,138.9816436767578,0.0010999999940395,0.0,0.0,0.0,76.54094696044922,0.0,291.4713134765625,0.0,-9.842168807983398,0.0,0.0,0.0999999940395355,0.9067617654800416,0.0,-1.878208536254533e-06,50.0,75.80557250976562,15.520956993103027,0.0,20.81396484375,0.0,50.0,50.0,291.670166015625,1524.9088134765625,52.06624603271485,0.0,74.50222778320312,Reactor Scram,294.82037353515625
20.61294937133789,1.0467547178268433,0.0,73.56316375732422,0.0,0.0,0.0,0.0,297.9634704589844,291.8689270019531,15.76609706878662,2.491284370422364,0.0015485058538615,1.0455379486083984,0.0,736064.125,13.511990547180176,336.0404968261719,0.0,1.0459436178207395,7.924896240234375,44.17148208618164,5.154753125680145e-06,1052.5380859375,1756.4427490234375,0.0,0.0,10.406123161315918,1.034000039100647,1.3139328956604004,291.47003173828125,75.7934341430664,0.0,50.0,1.7323237657546997,0.0,181.7250823974609,0.0,0.0,1310.5,0.0,297.963134765625,44.17155075073242,50.00252914428711,0.7732251286506653,1292.7039794921875,297.9634704589844,271.17633056640625,7711402.5,3490.751708984375,17288.01171875,0.0439999997615814,0.0,2631.050537109375,4600.0,1.31441330909729,-6.211531162261963,291.8690185546875,0.1509931087493896,0.0,1,821.1531372070312,0.0,20.53717041015625,0.0,34535.83203125,38.05226516723633,74.50081634521484,-6.149999618530273,138.99652099609375,0.0010999999940395,0.0,0.0,0.0,76.57856750488281,0.0,291.469970703125,0.0,-9.855981826782228,0.0,0.0,0.0999999940395355,0.9067617654800416,0.0,-4.869615622737911e-06,50.0,75.7934341430664,15.537911415100098,0.0,20.794971466064453,0.0,50.0,50.0,291.6686706542969,1524.6986083984375,52.020694732666016,0.0,74.50222778320312,Reactor Scram,294.81610107421875
20.594051361083984,1.0467547178268433,0.0,73.57156372070312,0.0,0.0,0.0,0.0,297.9565124511719,291.8672180175781,15.769316673278809,2.497810125350952,0.00155457155779,1.0455379486083984,0.0,737967.4375,13.512006759643556,336.0489196777344,0.0,1.0459436178207395,7.924896240234375,44.18165588378906,5.154753125680145e-06,1057.6201171875,1756.4451904296875,0.0,0.0,10.396203994750977,1.034000039100647,1.3128048181533811,291.4686889648437,75.78143310546875,0.0,50.0,1.7324391603469849,0.0,181.88169860839844,0.0,0.0,1310.5,0.0,297.9561462402344,44.18172454833984,50.00252914428711,0.7732360363006592,1292.6947021484375,297.9565124511719,271.1829833984375,7734120.5,3504.52099609375,17288.01171875,0.0439999997615814,0.0,2631.00537109375,4610.0,1.3132874965667725,-6.225449085235596,291.8672790527344,0.1517820954322815,0.0,1,822.544921875,0.0,20.518918991088867,0.0,34535.83203125,38.01967239379883,74.50082397460938,-6.149999618530273,139.01124572753906,0.0010999999940395,0.0,0.0,0.0,76.61620330810547,0.0,291.4686279296875,0.0,-9.869773864746094,0.0,0.0,0.0999999940395355,0.9067617654800416,0.0,5.125938514538575e-06,50.0,75.78143310546875,15.55467414855957,0.0,20.775554656982425,0.0,50.0,50.0,291.6671142578125,1524.488525390625,51.97512435913086,0.0,74.50222778320312,Reactor Scram,294.8118591308594
20.575254440307617,1.0467547178268433,0.0,73.57988739013672,0.0,0.0,0.0,0.0,297.9495849609375,291.865478515625,15.77254867553711,2.504340171813965,0.0015606448287144,1.0455379486083984,0.0,739869.125,13.512022018432615,336.05731201171875,0.0,1.0459436178207395,7.924896240234375,44.1917610168457,5.154753125680145e-06,1062.7138671875,1756.4476318359375,0.0,0.0,10.386706352233888,1.034000039100647,1.3116813898086548,291.4673156738281,75.76954650878906,0.0,50.0,1.7325546741485596,0.0,182.03858947753903,0.0,0.0,1310.5,0.0,297.9492492675781,44.19182968139648,50.00251770019531,0.7732469439506531,1292.6854248046875,297.9495849609375,271.1895751953125,7756836.0,3518.306884765625,17288.01171875,0.0439999997615814,0.0,2630.960693359375,4620.0,1.3121616840362549,-6.2393479347229,291.86553955078125,0.1525725722312927,0.0,1,823.934814453125,0.0,20.50083351135254,0.0,34535.83203125,37.98707962036133,74.50083923339844,-6.149999618530273,139.02581787109375,0.0010999999940395,0.0,0.0,0.0,76.65398406982422,0.0,291.4672546386719,0.0,-9.883545875549316,0.0,0.0,0.0999999940395355,0.9067617654800416,0.0,2.3649910474432545e-07,50.0,75.76954650878906,15.57126808166504,0.0,20.756563186645508,0.0,50.0,50.0,291.6655578613281,1524.2783203125,51.929534912109375,0.0,74.50222778320312,Reactor Scram,294.8076171875
20.555944442749023,1.0467547178268433,0.0,73.58810424804688,0.0,0.0,0.0,0.0,297.94268798828125,291.86376953125,15.775784492492676,2.510923147201538,0.0015667551197111,1.0455379486083984,0.0,741769.125,13.512039184570312,336.0655822753906,0.0,1.0459436178207395,7.924896240234375,44.20172882080078,5.154753125680145e-06,1067.819580078125,1756.4500732421875,0.0,0.0,10.376997947692873,1.034000039100647,1.310562014579773,291.4659729003906,75.7577896118164,0.0,50.0,1.7326651811599731,0.0,182.1957244873047,0.0,0.0,1310.5,0.0,297.9423522949219,44.20179748535156,50.002540588378906,0.773257851600647,1292.676513671875,297.94268798828125,271.19610595703125,7779549.0,3532.178955078125,17288.01171875,0.0439999997615814,0.0,2630.91650390625,4630.0,1.3110358715057373,-6.25322961807251,291.8638610839844,0.1533675342798233,0.0,1,825.3229370117188,0.0,20.48336410522461,0.0,34535.83203125,37.95448684692383,74.50086975097656,-6.149999618530273,139.0402374267578,0.0010999999940395,0.0,0.0,0.0,76.69181823730469,0.0,291.4659118652344,0.0,-9.897306442260742,0.0,0.0,0.0999999940395355,0.9067617654800416,0.0,3.334903794893762e-06,50.0,75.7577896118164,15.587706565856934,0.0,20.737567901611328,0.0,50.0,50.0,291.6640625,1524.068115234375,51.8848876953125,0.0,74.50223541259766,Reactor Scram,294.80340576171875
20.53665351867676,1.0467547178268433,0.0,73.59625244140625,0.0,0.0,0.0,0.0,297.9358215332031,291.8620300292969,15.779029846191406,2.51746678352356,0.0015728463185951,1.0455379486083984,0.0,743667.6875,13.512054443359377,336.07379150390625,0.0,1.0459436178207395,7.924896240234375,44.21169662475586,5.154753125680145e-06,1072.93701171875,1756.4525146484375,0.0,0.0,10.367290496826172,1.034000039100647,1.3094470500946045,291.464599609375,75.74614715576172,0.0,50.0,1.7327804565429688,0.0,182.35015869140625,0.0,0.0,1310.5,0.0,297.9354553222656,44.21176528930664,50.002471923828125,0.7732685804367065,1292.667236328125,297.9358215332031,271.2025756835937,7802260.5,3546.005859375,17288.01171875,0.0439999997615814,0.0,2630.873046875,4640.0,1.3099312782287598,-6.267091274261475,291.8620910644531,0.1541613191366195,0.0,1,826.7091064453125,0.0,20.465625762939453,0.0,34535.83203125,37.92251205444336,74.50088500976562,-6.149999618530273,139.0545196533203,0.0010999999940395,0.0,0.0,0.0,76.72978973388672,0.0,291.46453857421875,0.0,-9.91104221343994,0.0,0.0,0.0999999940395355,0.9067617654800416,0.0,-3.595619091356639e-06,50.0,75.74614715576172,15.603939056396484,0.0,20.71815299987793,0.0,50.0,50.0,291.6625061035156,1523.8580322265625,51.8393783569336,0.0,74.50223541259766,Reactor Scram,294.7991943359375
20.517635345458984,1.0467547178268433,0.0,73.60430908203125,0.0,0.0,0.0,0.0,297.9289855957031,291.8603515625,15.782281875610352,2.523998260498047,0.001578934607096,1.0455379486083984,0.0,745564.4375,13.512070655822754,336.0818786621094,0.0,1.0459436178207395,7.924896240234375,44.22146224975586,5.154753125680145e-06,1078.06640625,1756.4549560546875,0.0,0.0,10.358004570007324,1.034000039100647,1.30833637714386,291.4632568359375,75.734619140625,0.0,50.0,1.7328909635543823,0.0,182.5068206787109,0.0,0.0,1310.5,0.0,297.9286499023437,44.22153091430664,50.002479553222656,0.7732794284820557,1292.658447265625,297.9289855957031,271.2089538574219,7824969.5,3559.826904296875,17288.01171875,0.0439999997615814,0.0,2630.82958984375,4650.0,1.3088126182556152,-6.2809343338012695,291.86041259765625,0.1549556404352188,0.0,1,828.0934448242188,0.0,20.442306518554688,0.0,34535.83203125,37.8901252746582,74.50089263916016,-6.149999618530273,139.0686492919922,0.0010999999940395,0.0,0.0,0.0,76.76781463623047,0.0,291.46319580078125,0.0,-9.924763679504396,0.0,0.0,0.0999999940395355,0.9067617654800416,0.0,-3.539656063367147e-06,50.0,75.734619140625,15.620009422302246,0.0,20.699581146240234,0.0,50.0,50.0,291.6610107421875,1523.6478271484375,51.79914855957031,0.0,74.50223541259766,Reactor Scram,294.7950439453125
20.49874496459961,1.0467547178268433,0.0,73.61227416992188,0.0,0.0,0.0,0.0,297.92218017578125,291.8586730957031,15.785541534423828,2.530601978302002,0.0015850728377699,1.0455379486083984,0.0,747459.6875,13.512086868286133,336.0899353027344,0.0,1.0459436178207395,7.924896240234375,44.23119735717773,5.154753125680145e-06,1083.2080078125,1756.4573974609375,0.0,0.0,10.34850788116455,1.034000039100647,1.307229995727539,291.4619140625,75.72323608398438,0.0,50.0,1.733003854751587,0.0,182.6627655029297,0.0,0.0,1310.5,0.0,297.9218139648437,44.23126220703125,50.00249481201172,0.7732901573181152,1292.6492919921875,297.92218017578125,271.2152709960937,7847676.5,3573.760498046875,17288.01171875,0.0439999997615814,0.0,2630.786865234375,4660.0,1.3077009916305542,-6.294758796691895,291.8587341308594,0.1557556092739105,0.0,1,829.4758911132812,0.0,20.425342559814453,0.0,34535.83203125,37.85794448852539,74.50091552734375,-6.149999618530273,139.08262634277344,0.0010999999940395,0.0,0.0,0.0,76.80593872070312,0.0,291.4618225097656,0.0,-9.938465118408203,0.0,0.0,0.0999999940395355,0.9067617654800416,0.0,4.647201876650797e-06,50.0,75.72323608398438,15.63592529296875,0.0,20.68100929260254,0.0,50.0,50.0,291.65948486328125,1523.4376220703125,51.75464630126953,0.0,74.50224304199219,Reactor Scram,294.7908630371094
20.48021125793457,1.0467547178268433,0.0,73.62015533447266,0.0,0.0,0.0,0.0,297.91534423828125,291.85693359375,15.788808822631836,2.5371649265289307,0.0015911906957626,1.0455379486083984,0.0,749353.25,13.512102127075195,336.0978698730469,0.0,1.0459436178207395,7.924896240234375,44.24085998535156,5.154753125680145e-06,1088.361083984375,1756.4598388671875,0.0,0.0,10.338587760925291,1.034000039100647,1.306127905845642,291.4605407714844,75.71195983886719,0.0,50.0,1.733116626739502,0.0,182.8169860839844,0.0,0.0,1310.5,0.0,297.9150085449219,44.24092864990234,50.00249481201172,0.7733008861541748,1292.6402587890625,297.91534423828125,271.2215576171875,7870382.0,3587.64794921875,17288.01171875,0.0439999997615814,0.0,2630.744384765625,4670.0,1.3066034317016602,-6.30856466293335,291.85699462890625,0.1565543115139007,0.0,1,830.8565063476562,0.0,20.40810775756836,0.0,34535.83203125,37.826168060302734,74.50093078613281,-6.149999618530273,139.096435546875,0.0010999999940395,0.0,0.0,0.0,76.8441390991211,0.0,291.4604797363281,0.0,-9.952146530151367,0.0,0.0,0.0999999940395355,0.9067617654800416,0.0,-2.337035311938962e-06,50.0,75.71195983886719,15.651670455932615,0.0,20.66159439086914,0.0,50.0,50.0,291.657958984375,1523.2275390625,51.70927429199219,0.0,74.50224304199219,Reactor Scram,294.78668212890625
20.46102905273437,1.0467547178268433,0.0,73.6279525756836,0.0,0.0,0.0,0.0,297.9085693359375,291.855224609375,15.792085647583008,2.5437161922454834,0.0015973052941262,1.0455379486083984,0.0,751245.125,13.512118339538574,336.1056823730469,0.0,1.0459436178207395,7.924896240234375,44.2503547668457,5.154753125680145e-06,1093.52587890625,1756.4622802734375,0.0,0.0,10.329301834106444,1.034000039100647,1.3050298690795898,291.4591979980469,75.70081329345703,0.0,50.0,1.7332271337509155,0.0,182.9724273681641,0.0,0.0,1310.5,0.0,297.9082336425781,44.25045394897461,50.00244522094727,0.7733116149902344,1292.6314697265625,297.9085693359375,271.2277526855469,7893084.0,3601.529052734375,17288.01171875,0.0439999997615814,0.0,2630.702392578125,4680.0,1.3054989576339722,-6.322352886199951,291.8553466796875,0.1573534905910492,0.0,1,832.2352905273438,0.0,20.38525390625,0.0,34535.83203125,37.794193267822266,74.50094604492188,-6.149999618530273,139.11012268066406,0.0010999999940395,0.0,0.0,0.0,76.88247680664062,0.0,291.4591064453125,0.0,-9.965813636779783,0.0,0.0,0.0999999940395355,0.9067617654800416,0.0,-4.337503014539834e-06,50.0,75.70081329345703,15.667240142822266,0.0,20.643022537231445,0.0,50.0,50.0,291.6564636230469,1523.017333984375,51.66920471191406,0.0,74.50224304199219,Reactor Scram,294.7825622558594
20.44230079650879,1.0467547178268433,0.0,73.63565826416016,0.0,0.0,0.0,0.0,297.9017944335937,291.8535461425781,15.795367240905762,2.55033802986145,0.0016034689033403,1.0455379486083984,0.0,753135.3125,13.512134552001951,336.1134948730469,0.0,1.0459436178207395,7.924896240234375,44.25984954833984,5.154753125680145e-06,1098.70263671875,1756.4647216796875,0.0,0.0,10.319804191589355,1.034000039100647,1.3039361238479614,291.45782470703125,75.68977355957031,0.0,50.0,1.73334002494812,0.0,183.12814331054688,0.0,0.0,1310.5,0.0,297.9014587402344,44.25994873046875,50.0024642944336,0.7733222246170044,1292.6224365234375,297.9017944335937,271.2338562011719,7915785.5,3615.520263671875,17288.01171875,0.0439999997615814,0.0,2630.660888671875,4690.0,1.3043943643569946,-6.336122035980225,291.8536376953125,0.1581582874059677,0.0,1,833.6121826171875,0.0,20.36878776550293,0.0,34535.83203125,37.7622184753418,74.50096893310547,-6.149999618530273,139.1236572265625,0.0010999999940395,0.0,0.0,0.0,76.92084503173828,0.0,291.457763671875,0.0,-9.979459762573242,0.0,0.0,0.0999999940395355,0.9067617654800416,0.0,4.796998837264255e-06,50.0,75.68977355957031,15.6826753616333,0.0,20.624452590942383,0.0,50.0,50.0,291.6549377441406,1522.80712890625,51.624778747558594,0.0,74.50225830078125,Reactor Scram,294.7784118652344
20.422996520996094,1.0467547178268433,0.0,73.643310546875,0.0,0.0,0.0,0.0,297.89501953125,291.851806640625,15.798657417297363,2.5569021701812744,0.0016096016624942,1.0455379486083984,0.0,755024.0,13.512150764465332,336.1211853027344,0.0,1.0459436178207395,7.924896240234375,44.2692756652832,5.154753125680145e-06,1103.891357421875,1756.4671630859375,0.0,0.0,10.31009578704834,1.034000039100647,1.3028464317321775,291.4564819335937,75.67882537841797,0.0,50.0,1.7334530353546145,0.0,183.28211975097656,0.0,0.0,1310.5,0.0,297.8946533203125,44.26937484741211,50.00242233276367,0.773332953453064,1292.61328125,297.89501953125,271.23992919921875,7938485.0,3629.44140625,17288.01171875,0.0439999997615814,0.0,2630.619873046875,4700.0,1.3033039569854736,-6.349873065948486,291.8519287109375,0.1589607745409011,0.0,1,834.9873046875,0.0,20.34625625610352,0.0,34535.83203125,37.73064804077149,74.50098419189453,-6.149999618530273,139.13706970214844,0.0010999999940395,0.0,0.0,0.0,76.9593505859375,0.0,291.4564208984375,0.0,-9.993086814880373,0.0,0.0,0.0999999940395355,0.9067617654800416,0.0,-2.6701063688960858e-06,50.0,75.67882537841797,15.697930335998535,0.0,20.60503578186035,0.0,50.0,50.0,291.6534118652344,1522.5970458984375,51.58481979370117,0.0,74.50225830078125,Reactor Scram,294.77423095703125
20.40424346923828,1.0467547178268433,0.0,73.65087890625,0.0,0.0,0.0,0.0,297.8882141113281,291.85015869140625,15.801955223083496,2.5634853839874268,0.0016157509526237,1.0455379486083984,0.0,756911.0625,13.512166976928713,336.1288146972656,0.0,1.0459436178207395,7.924896240234375,44.27859878540039,5.154753125680145e-06,1109.091796875,1756.4696044921875,0.0,0.0,10.300809860229492,1.034000039100647,1.3017607927322388,291.4551086425781,75.66800689697266,0.0,50.0,1.7335633039474487,0.0,183.43833923339844,0.0,0.0,1310.5,0.0,297.88787841796875,44.27866744995117,50.00244140625,0.7733436226844788,1292.6044921875,297.8882141113281,271.2459411621094,7961181.5,3643.400390625,17288.01171875,0.0439999997615814,0.0,2630.5791015625,4710.0,1.3021994829177856,-6.36360502243042,291.8502197265625,0.1597656309604644,0.0,1,836.3605346679688,0.0,20.32962989807129,0.0,34535.83203125,37.698673248291016,74.50099182128906,-6.149999618530273,139.1503448486328,0.0010999999940395,0.0,0.0,0.0,76.99790954589844,0.0,291.4550476074219,0.0,-10.00669765472412,0.0,0.0,0.0999999940395355,0.9067617654800416,0.0,-4.724288373836316e-06,50.0,75.66800689697266,15.7130126953125,0.0,20.586463928222656,0.0,50.0,50.0,291.65191650390625,1522.3868408203125,51.539512634277344,0.0,74.50225830078125,Reactor Scram,294.7701110839844
20.38590431213379,1.0467547178268433,0.0,73.65835571289062,0.0,0.0,0.0,0.0,297.88153076171875,291.8484802246094,15.805261611938477,2.5700714588165283,0.001621906645596,1.0455379486083984,0.0,758796.5625,13.51218318939209,336.1363525390625,0.0,1.0459436178207395,7.924896240234375,44.28778839111328,5.154753125680145e-06,1114.303955078125,1756.4720458984375,0.0,0.0,10.29131317138672,1.034000039100647,1.3006794452667236,291.4537658691406,75.65730285644531,0.0,50.0,1.7336736917495728,0.0,183.59182739257807,0.0,0.0,1310.5,0.0,297.8811950683594,44.28785705566406,50.00246047973633,0.773354172706604,1292.5955810546875,297.88153076171875,271.2518615722656,7983877.0,3657.373779296875,17288.01171875,0.0439999997615814,0.0,2630.538818359375,4720.0,1.301116108894348,-6.377320289611816,291.8485717773437,0.1605719029903412,0.0,1,837.7319946289062,0.0,20.31314468383789,0.0,34535.83203125,37.66731262207031,74.50100708007812,-6.149999618530273,139.16348266601562,0.0010999999940395,0.0,0.0,0.0,77.03657531738281,0.0,291.4537048339844,0.0,-10.020292282104492,0.0,0.0,0.0999999940395355,0.9067617654800416,0.0,1.352424874312419e-06,50.0,75.65730285644531,15.727940559387209,0.0,20.5678939819336,0.0,50.0,50.0,291.6504211425781,1522.1767578125,51.494178771972656,0.0,74.50225830078125,Reactor Scram,294.7660522460937
20.36689567565918,1.0467547178268433,0.0,73.6657485961914,0.0,0.0,0.0,0.0,297.8749084472656,291.8468017578125,15.808574676513672,2.5766451358795166,0.0016280584968626,1.0455379486083984,0.0,760680.4375,13.512198448181152,336.143798828125,0.0,1.0459436178207395,7.924896240234375,44.29690933227539,5.154753125680145e-06,1119.52783203125,1756.4744873046875,0.0,0.0,10.282027244567873,1.034000039100647,1.2996020317077637,291.45245361328125,75.646728515625,0.0,50.0,1.7337839603424072,0.0,183.7445526123047,0.0,0.0,1310.5,0.0,297.87457275390625,44.29701232910156,50.00240707397461,0.7733646035194397,1292.5867919921875,297.8749084472656,271.2577514648437,8006570.0,3671.339599609375,17288.01171875,0.0439999997615814,0.0,2630.499267578125,4730.0,1.3000398874282837,-6.391016006469727,291.8468933105469,0.1613785922527313,0.0,1,839.1015625,0.0,20.290979385375977,0.0,34535.83203125,37.63615417480469,74.50102996826172,-6.149999618530273,139.1764373779297,0.0010999999940395,0.0,0.0,0.0,77.0753402709961,0.0,291.45233154296875,0.0,-10.03386688232422,0.0,0.0,0.0999999940395355,0.9067617654800416,0.0,-3.1643207876186352e-06,50.0,75.646728515625,15.742728233337402,0.0,20.5493221282959,0.0,50.0,50.0,291.64892578125,1521.966552734375,51.454193115234375,0.0,74.50225830078125,Reactor Scram,294.761962890625
20.348419189453125,1.0467547178268433,0.0,73.67305755615234,0.0,0.0,0.0,0.0,297.8682861328125,291.8451538085937,15.811896324157717,2.583287239074707,0.0016342586604878,1.0455379486083984,0.0,762562.625,13.512214660644531,336.1511535644531,0.0,1.0459436178207395,7.924896240234375,44.3058967590332,5.154753125680145e-06,1124.763671875,1756.4769287109375,0.0,0.0,10.272740364074709,1.034000039100647,1.2985286712646484,291.4511413574219,75.63626098632812,0.0,50.0,1.7338919639587402,0.0,183.89752197265625,0.0,0.0,1310.5,0.0,297.86798095703125,44.30599594116211,50.00243377685547,0.7733749747276306,1292.578369140625,297.8682861328125,271.2635498046875,8029261.0,3685.413330078125,17288.01171875,0.0439999997615814,0.0,2630.459716796875,4740.0,1.2989636659622192,-6.404693603515625,291.84527587890625,0.162190780043602,0.0,1,840.4693603515625,0.0,20.27521514892578,0.0,34535.83203125,37.60499954223633,74.50104522705078,-6.149999618530273,139.1892852783203,0.0010999999940395,0.0,0.0,0.0,77.11418914794922,0.0,291.4510498046875,0.0,-10.0474271774292,0.0,0.0,0.0999999940395355,0.9067617654800416,0.0,-3.1264498829841614e-06,50.0,75.63626098632812,15.75733757019043,0.0,20.530750274658203,0.0,50.0,50.0,291.6474914550781,1521.75634765625,51.40974044799805,0.0,74.50226593017578,Reactor Scram,294.7579040527344
20.32971954345703,1.0467547178268433,0.0,73.6802978515625,0.0,0.0,0.0,0.0,297.8616638183594,291.843505859375,15.81522274017334,2.5898897647857666,0.001640438567847,1.0455379486083984,0.0,764443.125,13.512229919433594,336.158447265625,0.0,1.0459436178207395,7.924896240234375,44.31488037109375,5.154753125680145e-06,1130.0108642578125,1756.4793701171875,0.0,0.0,10.26345443725586,1.034000039100647,1.2974592447280884,291.4498596191406,75.62589263916016,0.0,50.0,1.7340023517608645,0.0,184.0497436523437,0.0,0.0,1310.5,0.0,297.8613586425781,44.31494903564453,50.00238037109375,0.7733854651451111,1292.5694580078125,297.8616638183594,271.269287109375,8051951.0,3699.442626953125,17288.01171875,0.0439999997615814,0.0,2630.420654296875,4750.0,1.2978944778442385,-6.418353080749512,291.84356689453125,0.1630017459392547,0.0,1,841.8353271484375,0.0,20.25919532775879,0.0,34535.83203125,37.57404327392578,74.50106048583984,-6.149999618530273,139.20199584960938,0.0010999999940395,0.0,0.0,0.0,77.15311431884766,0.0,291.44976806640625,0.0,-10.060965538024902,0.0,0.0,0.0999999940395355,0.9067617654800416,0.0,-3.246977030357812e-06,50.0,75.62589263916016,15.771806716918944,0.0,20.512178421020508,0.0,50.0,50.0,291.64599609375,1521.5462646484375,51.364479064941406,0.0,74.50226593017578,Reactor Scram,294.7538757324219
20.31136703491211,1.0467547178268433,0.0,73.68746948242188,0.0,0.0,0.0,0.0,297.8551330566406,291.841796875,15.818559646606444,2.596479892730713,0.0016466149827465,1.0455379486083984,0.0,766322.0625,13.512246131896973,336.16571044921875,0.0,1.0459436178207395,7.924896240234375,44.32379913330078,5.154753125680145e-06,1135.27001953125,1756.4818115234375,0.0,0.0,10.254168510437012,1.034000039100647,1.2963939905166626,291.4485778808594,75.6156234741211,0.0,50.0,1.7341126203536987,0.0,184.2001953125,0.0,0.0,1310.5,0.0,297.85479736328125,44.32390213012695,50.00240707397461,0.7733957171440125,1292.560546875,297.8551330566406,271.2749938964844,8074638.0,3713.46337890625,17288.01171875,0.0439999997615814,0.0,2630.3818359375,4760.0,1.296839475631714,-6.431994438171387,291.8419189453125,0.1638131141662597,0.0,1,843.199462890625,0.0,20.23748207092285,0.0,34535.83203125,37.54350280761719,74.50106811523438,-6.149999618530273,139.21458435058594,0.0010999999940395,0.0,0.0,0.0,77.192138671875,0.0,291.448486328125,0.0,-10.074485778808594,0.0,0.0,0.0999999940395355,0.9067617654800416,0.0,-4.956414159096312e-06,50.0,75.6156234741211,15.786126136779783,0.0,20.49360656738281,0.0,50.0,50.0,291.6445007324219,1521.3360595703125,51.32459259033203,0.0,74.50226593017578,Reactor Scram,294.74981689453125
20.29309844970703,1.0467547178268433,0.0,73.69456481933594,0.0,0.0,0.0,0.0,297.8485717773437,291.8402099609375,15.821901321411133,2.6031436920166016,0.0016528425039723,1.0455379486083984,0.0,768199.4375,13.512261390686035,336.1728210449219,0.0,1.0459436178207395,7.924896240234375,44.332515716552734,5.154753125680145e-06,1140.5408935546875,1756.4842529296875,0.0,0.0,10.24509334564209,1.034000039100647,1.295332431793213,291.4472961425781,75.60547637939453,0.0,50.0,1.7342180013656616,0.0,184.35287475585932,0.0,0.0,1310.5,0.0,297.8482360839844,44.33261489868164,50.00242614746094,0.7734060287475586,1292.55224609375,297.8485717773437,271.2806091308594,8097322.5,3727.599609375,17288.01171875,0.0439999997615814,0.0,2630.34375,4770.0,1.2957704067230225,-6.445619106292725,291.84033203125,0.1646303236484527,0.0,1,844.5618896484375,0.0,20.222206115722656,0.0,34535.83203125,37.51255416870117,74.50109100341797,-6.149999618530273,139.22703552246094,0.0010999999940395,0.0,0.0,0.0,77.2312240600586,0.0,291.4471740722656,0.0,-10.087995529174805,0.0,0.0,0.0999999940395355,0.9067617654800416,0.0,-9.668256097938863e-07,50.0,75.60547637939453,15.800274848937988,0.0,20.475879669189453,0.0,50.0,50.0,291.64306640625,1521.1258544921875,51.28031539916992,0.0,74.50227355957031,Reactor Scram,294.745849609375
20.27484893798828,1.0467547178268433,0.0,73.7015609741211,0.0,0.0,0.0,0.0,297.8420104980469,291.83856201171875,15.8252534866333,2.609749555587769,0.0016590378945693,1.0455379486083984,0.0,770075.3125,13.512276649475098,336.179931640625,0.0,1.0459436178207395,7.924896240234375,44.34126281738281,5.154753125680145e-06,1145.8232421875,1756.4866943359375,0.0,0.0,10.235807418823242,1.034000039100647,1.2942750453948977,291.4459533691406,75.59544372558594,0.0,50.0,1.734328269958496,0.0,184.5048217773437,0.0,0.0,1310.5,0.0,297.8417053222656,44.34136581420898,50.00238037109375,0.7734163999557495,1292.54345703125,297.8420104980469,271.2861633300781,8120005.5,3741.6640625,17288.01171875,0.0439999997615814,0.0,2630.305908203125,4780.0,1.294708251953125,-6.459224224090576,291.8386535644531,0.1654451340436935,0.0,1,845.9224243164062,0.0,20.200807571411133,0.0,34535.83203125,37.48180389404297,74.5010986328125,-6.149999618530273,139.2393341064453,0.0010999999940395,0.0,0.0,0.0,77.27045440673828,0.0,291.4458923339844,0.0,-10.101479530334473,0.0,0.0,0.0999999940395355,0.9067617654800416,0.0,2.435211399642867e-06,50.0,75.59544372558594,15.81428050994873,0.0,20.45730972290039,0.0,50.0,50.0,291.6415710449219,1520.915771484375,51.24059677124024,0.0,74.50227355957031,Reactor Scram,294.7418212890625
20.256935119628903,1.0467547178268433,0.0,73.70850372314453,0.0,0.0,0.0,0.0,297.8355407714844,291.8368835449219,15.828608512878418,2.616426944732666,0.00166528346017,1.0455379486083984,0.0,771949.375,13.512292861938477,336.1869201660156,0.0,1.0459436178207395,7.924896240234375,44.349910736083984,5.154753125680145e-06,1151.1175537109375,1756.4891357421875,0.0,0.0,10.226521492004396,1.034000039100647,1.2932215929031372,291.4447021484375,75.58550262451172,0.0,50.0,1.7344361543655396,0.0,184.65496826171875,0.0,0.0,1310.5,0.0,297.835205078125,44.35000991821289,50.00241470336914,0.7734265923500061,1292.534912109375,297.8355407714844,271.29168701171875,8142687.0,3755.84130859375,17288.01171875,0.0439999997615814,0.0,2630.2685546875,4790.0,1.2936604022979736,-6.472812652587891,291.8370056152344,0.1662656366825103,0.0,1,847.28125,0.0,20.18585205078125,0.0,34535.83203125,37.45146942138672,74.50112915039062,-6.149999618530273,139.25152587890625,0.0010999999940395,0.0,0.0,0.0,77.30968475341797,0.0,291.4446105957031,0.0,-10.114950180053713,0.0,0.0,0.0999999940395355,0.9067617654800416,0.0,-3.182647333233035e-06,50.0,75.58550262451172,15.82815647125244,0.0,20.439159393310547,0.0,50.0,50.0,291.64013671875,1520.70556640625,51.19642639160156,0.0,74.50228118896484,Reactor Scram,294.73785400390625
20.23792839050293,1.0467547178268433,0.0,73.71538543701172,0.0,0.0,0.0,0.0,297.8290405273437,291.8352966308594,15.831976890563965,2.6230461597442627,0.0016714961966499,1.0455379486083984,0.0,773821.875,13.51230812072754,336.19384765625,0.0,1.0459436178207395,7.924896240234375,44.35845565795898,5.154753125680145e-06,1156.423583984375,1756.4915771484375,0.0,0.0,10.217658042907717,1.034000039100647,1.2921717166900637,291.4434509277344,75.57565307617188,0.0,50.0,1.734541416168213,0.0,184.806381225586,0.0,0.0,1310.5,0.0,297.8287353515625,44.35855484008789,50.00237274169922,0.7734367847442627,1292.5263671875,297.8290405273437,271.2971496582031,8165366.5,3769.94482421875,17288.01171875,0.0439999997615814,0.0,2630.2314453125,4800.0,1.2926054000854492,-6.486381530761719,291.8353881835937,0.1670836806297302,0.0,1,848.63818359375,0.0,20.16476249694824,0.0,34535.83203125,37.42092514038086,74.50113677978516,-6.149999618530273,139.2635955810547,0.0010999999940395,0.0,0.0,0.0,77.34910583496094,0.0,291.443359375,0.0,-10.128402709960938,0.0,0.0,0.0999999940395355,0.9067617654800416,0.0,2.620565055622137e-06,50.0,75.57565307617188,15.841899871826172,0.0,20.421432495117188,0.0,50.0,50.0,291.6387023925781,1520.495361328125,51.15681457519531,0.0,74.50228118896484,Reactor Scram,294.73388671875
20.22069931030273,1.0467547178268433,0.0,73.72217559814453,0.0,0.0,0.0,0.0,297.82257080078125,291.8336486816406,15.835345268249512,2.629683494567871,0.0016777258133515,1.0455379486083984,0.0,775692.9375,13.512322425842283,336.2007141113281,0.0,1.0459436178207395,7.924896240234375,44.366966247558594,5.154753125680145e-06,1161.7410888671875,1756.4940185546875,0.0,0.0,10.208160400390623,1.034000039100647,1.291126012802124,291.442138671875,75.56591796875,0.0,50.0,1.734651803970337,0.0,184.9559936523437,0.0,0.0,1310.5,0.0,297.8222351074219,44.3670654296875,50.00239181518555,0.7734469771385193,1292.5177001953125,297.82257080078125,271.30255126953125,8188043.0,3784.085693359375,17288.01171875,0.0439999997615814,0.0,2630.194580078125,4810.0,1.2915645837783811,-6.499935150146484,291.833740234375,0.1679040491580963,0.0,1,849.9934692382812,0.0,20.149635314941406,0.0,34535.83203125,37.39079284667969,74.50115203857422,-6.149999618530273,139.27554321289062,0.0010999999940395,0.0,0.0,0.0,77.38850402832031,0.0,291.4420166015625,0.0,-10.141836166381836,0.0,0.0,0.0999999940395355,0.9067617654800416,0.0,3.975662821176229e-07,50.0,75.56591796875,15.855450630187988,0.0,20.40286064147949,0.0,50.0,50.0,291.63720703125,1520.2852783203125,51.11177062988281,0.0,74.50228118896484,Reactor Scram,294.7299194335937
20.201435089111328,1.0467547178268433,0.0,73.72888946533203,0.0,0.0,0.0,0.0,297.8161315917969,291.83203125,15.838727951049805,2.636359930038452,0.0016839838353917,1.0455379486083984,0.0,777562.1875,13.512338638305664,336.2074890136719,0.0,1.0459436178207395,7.924896240234375,44.37533950805664,5.154753125680145e-06,1167.0703125,1756.4964599609375,0.0,0.0,10.199296951293944,1.034000039100647,1.290083885192871,291.4408874511719,75.55628967285156,0.0,50.0,1.7347570657730105,0.0,185.1068725585937,0.0,0.0,1310.5,0.0,297.8158264160156,44.37544250488281,50.00237274169922,0.7734571695327759,1292.5093994140625,297.8161315917969,271.3078918457031,8210718.5,3798.292236328125,17288.01171875,0.0439999997615814,0.0,2630.158447265625,4820.0,1.2905166149139404,-6.513468265533447,291.8321533203125,0.1687281280755996,0.0,1,851.3468017578125,0.0,20.12923812866211,0.0,34535.83203125,37.36045455932617,74.50116729736328,-6.149999618530273,139.287353515625,0.0010999999940395,0.0,0.0,0.0,77.42809295654297,0.0,291.4407653808594,0.0,-10.155253410339355,0.0,0.0,0.0999999940395355,0.9067617654800416,0.0,-5.53319239315897e-07,50.0,75.55628967285156,15.868870735168455,0.0,20.3851318359375,0.0,50.0,50.0,291.6357727050781,1520.0750732421875,51.07306671142578,0.0,74.50228881835938,Reactor Scram,294.7259826660156
20.1830997467041,1.0467547178268433,0.0,73.73554992675781,0.0,0.0,0.0,0.0,297.80975341796875,291.83038330078125,15.84210968017578,2.6430656909942627,0.0016902653733268,1.0455379486083984,0.0,779429.9375,13.512353897094728,336.2142028808594,0.0,1.0459436178207395,7.924896240234375,44.38371658325195,5.154753125680145e-06,1172.4111328125,1756.4989013671875,0.0,0.0,10.190011024475098,1.034000039100647,1.2890455722808838,291.43963623046875,75.5467529296875,0.0,50.0,1.7348674535751345,0.0,185.25491333007807,0.0,0.0,1310.5,0.0,297.8094177246094,44.38381576538086,50.00233840942383,0.7734671831130981,1292.50048828125,297.80975341796875,271.31317138671875,8233391.5,3812.5517578125,17288.01171875,0.0439999997615814,0.0,2630.12255859375,4830.0,1.289489984512329,-6.526985168457031,291.8304748535156,0.1695552766323089,0.0,1,852.6985473632812,0.0,20.11491203308105,0.0,34535.83203125,37.33073425292969,74.5011978149414,-6.149999618530273,139.29904174804688,0.0010999999940395,0.0,0.0,0.0,77.46768188476562,0.0,291.43951416015625,0.0,-10.16865062713623,0.0,0.0,0.0999999940395355,0.9067617654800416,0.0,3.058085439988645e-06,50.0,75.5467529296875,15.882182121276855,0.0,20.36698341369629,0.0,50.0,50.0,291.63427734375,1519.8648681640625,51.02911758422852,0.0,74.5022964477539,Reactor Scram,294.7221069335937
20.16545295715332,1.0467547178268433,0.0,73.74214172363281,0.0,0.0,0.0,0.0,297.8033447265625,291.8287658691406,15.845508575439451,2.6497130393981934,0.0016965138493105,1.0455379486083984,0.0,781296.1875,13.512369155883787,336.2208557128906,0.0,1.0459436178207395,7.924896240234375,44.39199066162109,5.154753125680145e-06,1177.7640380859375,1756.5013427734375,0.0,0.0,10.18093490600586,1.034000039100647,1.2880111932754517,291.4383544921875,75.53732299804688,0.0,50.0,1.7349727153778076,0.0,185.4042205810547,0.0,0.0,1310.5,0.0,297.8030090332031,44.39208984375,50.00236511230469,0.7734772562980652,1292.4920654296875,297.8033447265625,271.31842041015625,8256063.5,3826.736328125,17288.01171875,0.0439999997615814,0.0,2630.086669921875,4840.0,1.2884562015533447,-6.540484428405762,291.828857421875,0.1703798472881317,0.0,1,854.0484008789062,0.0,20.09440803527832,0.0,34535.83203125,37.30080795288086,74.50120544433594,-6.149999618530273,139.31060791015625,0.0010999999940395,0.0,0.0,0.0,77.50743865966797,0.0,291.4382629394531,0.0,-10.182034492492676,0.0,0.0,0.0999999940395355,0.9067617654800416,0.0,-2.350406475670752e-06,50.0,75.53732299804688,15.895363807678224,0.0,20.34883499145508,0.0,50.0,50.0,291.63287353515625,1519.65478515625,50.98978805541992,0.0,74.5022964477539,Reactor Scram,294.7181701660156
20.14696311950684,1.0467547178268433,0.0,73.74864959716797,0.0,0.0,0.0,0.0,297.79693603515625,291.8271484375,15.848906517028809,2.656363010406494,0.0017027688445523,1.0455379486083984,0.0,783160.75,13.512385368347168,336.2273864746094,0.0,1.0459436178207395,7.924896240234375,44.40012741088867,5.154753125680145e-06,1183.1279296875,1756.5037841796875,0.0,0.0,10.17207145690918,1.034000039100647,1.2869805097579956,291.43707275390625,75.52799224853516,0.0,50.0,1.7350780963897705,0.0,185.5547637939453,0.0,0.0,1310.5,0.0,297.796630859375,44.40023040771485,50.00234222412109,0.773487389087677,1292.48388671875,297.79693603515625,271.32354736328125,8278732.5,3840.934814453125,17288.01171875,0.0439999997615814,0.0,2630.0517578125,4850.0,1.2874153852462769,-6.5539655685424805,291.8272705078125,0.1712058037519455,0.0,1,855.3965454101562,0.0,20.07400894165039,0.0,34535.83203125,37.27067565917969,74.50121307373047,-6.149999618530273,139.32205200195312,0.0010999999940395,0.0,0.0,0.0,77.54720306396484,0.0,291.4369812011719,0.0,-10.195399284362791,0.0,0.0,0.0999999940395355,0.9067617654800416,0.0,3.940602709917584e-06,50.0,75.52799224853516,15.908345222473145,0.0,20.33110809326172,0.0,50.0,50.0,291.6314392089844,1519.444580078125,50.95044708251953,0.0,74.5022964477539,Reactor Scram,294.7142333984375
20.12948989868164,1.0467547178268433,0.0,73.75509643554688,0.0,0.0,0.0,0.0,297.79058837890625,291.8255615234375,15.852317810058594,2.6630313396453857,0.0017090401379391,1.0455379486083984,0.0,785023.625,13.51240062713623,336.2339172363281,0.0,1.0459436178207395,7.924896240234375,44.40822982788086,5.154753125680145e-06,1188.503662109375,1756.5062255859375,0.0,0.0,10.162996292114258,1.034000039100647,1.2859535217285156,291.4358215332031,75.51876831054688,0.0,50.0,1.7351833581924438,0.0,185.70350646972656,0.0,0.0,1310.5,0.0,297.790283203125,44.40833282470703,50.00236892700195,0.7734974026679993,1292.4755859375,297.79058837890625,271.32867431640625,8301400.0,3855.170654296875,17288.01171875,0.0439999997615814,0.0,2630.016845703125,4860.0,1.2863887548446655,-6.567428588867188,291.82568359375,0.1720341444015503,0.0,1,856.7428588867188,0.0,20.05962181091309,0.0,34535.83203125,37.2409553527832,74.50122833251953,-6.149999618530273,139.3333740234375,0.0010999999940395,0.0,0.0,0.0,77.58710479736328,0.0,291.43572998046875,0.0,-10.208747863769531,0.0,0.0,0.0999999940395355,0.9067617654800416,0.0,3.786636170843849e-06,50.0,75.51876831054688,15.92121410369873,0.0,20.313379287719727,0.0,50.0,50.0,291.6300048828125,1519.234375,50.90563583374024,0.0,74.5022964477539,Reactor Scram,294.7103576660156
20.11127281188965,1.0467547178268433,0.0,73.76146697998047,0.0,0.0,0.0,0.0,297.7842712402344,291.823974609375,15.855731010437012,2.669739484786988,0.0017153408844023,1.0455379486083984,0.0,786885.125,13.512415885925291,336.2403564453125,0.0,1.0459436178207395,7.924896240234375,44.41626739501953,5.154753125680145e-06,1193.8909912109375,1756.5086669921875,0.0,0.0,10.154132843017578,1.034000039100647,1.2849303483963013,291.4346008300781,75.5096206665039,0.0,50.0,1.7352887392044067,0.0,185.8524932861328,0.0,0.0,1310.5,0.0,297.7839660644531,44.4163703918457,50.00234222412109,0.773507297039032,1292.4671630859375,297.7842712402344,271.3337707519531,8324065.5,3869.473876953125,17288.01171875,0.0439999997615814,0.0,2629.982177734375,4870.0,1.2853620052337646,-6.580874919891357,291.8240661621094,0.1728662550449371,0.0,1,858.0874633789062,0.0,20.039913177490234,0.0,34535.83203125,37.21123123168945,74.5012435913086,-6.149999618530273,139.34457397460938,0.0010999999940395,0.0,0.0,0.0,77.62705993652344,0.0,291.4345092773437,0.0,-10.222078323364258,0.0,0.0,0.0999999940395355,0.9067617654800416,0.0,-2.526203616071143e-06,50.0,75.5096206665039,15.933972358703612,0.0,20.29523086547852,0.0,50.0,50.0,291.62860107421875,1519.0242919921875,50.8672103881836,0.0,74.50230407714844,Reactor Scram,294.7064514160156
20.09277534484864,1.0467547178268433,0.0,73.76778411865234,0.0,0.0,0.0,0.0,297.7779541015625,291.8223876953125,15.859155654907228,2.676421403884888,0.0017216291744261,1.0455379486083984,0.0,788744.875,13.512432098388672,336.2467346191406,0.0,1.0459436178207395,7.924896240234375,44.42423629760742,5.154753125680145e-06,1199.2900390625,1756.5111083984375,0.0,0.0,10.145268440246582,1.034000039100647,1.2839107513427734,291.4333190917969,75.50056457519531,0.0,50.0,1.73539400100708,0.0,186.0006866455078,0.0,0.0,1310.5,0.0,297.77764892578125,44.4243392944336,50.002323150634766,0.7735173106193542,1292.4586181640625,297.7779541015625,271.3387756347656,8346729.5,3883.74853515625,17288.01171875,0.0439999997615814,0.0,2629.947998046875,4880.0,1.2843424081802368,-6.594303607940674,291.8224792480469,0.1736977994441986,0.0,1,859.4303588867188,0.0,20.02582359313965,0.0,34535.83203125,37.18171310424805,74.50125885009766,-6.149999618530273,139.35568237304688,0.0010999999940395,0.0,0.0,0.0,77.66714477539062,0.0,291.4332275390625,0.0,-10.235392570495604,0.0,0.0,0.0999999940395355,0.9067617654800416,0.0,4.155590886512073e-06,50.0,75.50056457519531,15.946608543395996,0.0,20.277502059936523,0.0,50.0,50.0,291.6271667480469,1518.8140869140625,50.82249069213867,0.0,74.50230407714844,Reactor Scram,294.7026062011719
20.07527542114257,1.0467547178268433,0.0,73.77401733398438,0.0,0.0,0.0,0.0,297.7717590332031,291.8208312988281,15.862585067749023,2.6831419467926025,0.0017279468011111,1.0455379486083984,0.0,790603.125,13.512447357177734,336.25299072265625,0.0,1.0459436178207395,7.924896240234375,44.43206787109375,5.154753125680145e-06,1204.700439453125,1756.5135498046875,0.0,0.0,10.136404037475586,1.034000039100647,1.2828948497772217,291.4320983886719,75.49163818359375,0.0,50.0,1.735499143600464,0.0,186.14703369140625,0.0,0.0,1310.5,0.0,297.7714233398437,44.43217086791992,50.00236129760742,0.7735270857810974,1292.450439453125,297.7717590332031,271.3437194824219,8369391.0,3898.089599609375,17288.01171875,0.0439999997615814,0.0,2629.914306640625,4890.0,1.2833369970321655,-6.6077141761779785,291.8209228515625,0.1745330393314361,0.0,1,860.7714233398438,0.0,20.006406784057617,0.0,34535.83203125,37.15260696411133,74.50128173828125,-6.149999618530273,139.36663818359375,0.0010999999940395,0.0,0.0,0.0,77.7072525024414,0.0,291.4320068359375,0.0,-10.248687744140623,0.0,0.0,0.0999999940395355,0.9067617654800416,0.0,2.5250722046621377e-06,50.0,75.49163818359375,15.959050178527832,0.0,20.26019859313965,0.0,50.0,50.0,291.625732421875,1518.6038818359375,50.78415298461914,0.0,74.50231170654297,Reactor Scram,294.69879150390625
20.057315826416016,1.0467547178268433,0.0,73.78018951416016,0.0,0.0,0.0,0.0,297.7654724121094,291.8192749023437,15.86602020263672,2.6898202896118164,0.0017342414939776,1.0455379486083984,0.0,792459.9375,13.512462615966797,336.2592468261719,0.0,1.0459436178207395,7.924896240234375,44.43986892700195,5.154753125680145e-06,1210.1224365234375,1756.5159912109375,0.0,0.0,10.127751350402832,1.034000039100647,1.281882405281067,291.4308776855469,75.48278045654297,0.0,50.0,1.7355995178222656,0.0,186.2956695556641,0.0,0.0,1310.5,0.0,297.7651672363281,44.43996810913086,50.00233459472656,0.7735369205474854,1292.4425048828125,297.7654724121094,271.3486328125,8392051.0,3912.37939453125,17288.01171875,0.0439999997615814,0.0,2629.880859375,4900.0,1.2823173999786377,-6.621109485626221,291.8193664550781,0.1753667593002319,0.0,1,862.1109008789062,0.0,19.986696243286133,0.0,34535.83203125,37.12308883666992,74.50128936767578,-6.149999618530273,139.3774871826172,0.0010999999940395,0.0,0.0,0.0,77.74747467041016,0.0,291.4307861328125,0.0,-10.261972427368164,0.0,0.0,0.0999999940395355,0.9067617654800416,0.0,-1.5449896864083712e-06,50.0,75.48278045654297,15.971405982971191,0.0,20.24289321899414,0.0,50.0,50.0,291.6243896484375,1518.393798828125,50.745025634765625,0.0,74.50231170654297,Reactor Scram,294.6949768066406
20.03933525085449,1.0467547178268433,0.0,73.78631591796875,0.0,0.0,0.0,0.0,297.7592163085937,291.8176574707031,15.869464874267578,2.696559190750122,0.0017405792605131,1.0455379486083984,0.0,794314.9375,13.51247787475586,336.26544189453125,0.0,1.0459436178207395,7.924896240234375,44.44766616821289,5.154753125680145e-06,1215.55615234375,1756.5184326171875,0.0,0.0,10.11867618560791,1.034000039100647,1.2808737754821775,291.4296264648437,75.4739990234375,0.0,50.0,1.735704779624939,0.0,186.44351196289065,0.0,0.0,1310.5,0.0,297.7589111328125,44.44776916503906,50.00231170654297,0.7735468149185181,1292.43408203125,297.7592163085937,271.353515625,8414709.0,3926.766845703125,17288.01171875,0.0439999997615814,0.0,2629.84765625,4910.0,1.281304955482483,-6.634483814239502,291.8177795410156,0.1762055456638336,0.0,1,863.4484252929688,0.0,19.96756935119629,0.0,34535.83203125,37.09377670288086,74.50131225585938,-6.149999618530273,139.3882598876953,0.0010999999940395,0.0,0.0,0.0,77.78778839111328,0.0,291.42950439453125,0.0,-10.275232315063477,0.0,0.0,0.0999999940395355,0.9067617654800416,0.0,-1.7680176824796945e-06,50.0,75.4739990234375,15.983648300170898,0.0,20.22516441345215,0.0,50.0,50.0,291.6229553222656,1518.18359375,50.70691680908203,0.0,74.5023193359375,Reactor Scram,294.69110107421875
20.02153968811035,1.0467547178268433,0.0,73.79234313964844,0.0,0.0,0.0,0.0,297.7529602050781,291.8160705566406,15.872912406921388,2.703270196914673,0.001746903755702,1.0455379486083984,0.0,796168.4375,13.512494087219238,336.2715148925781,0.0,1.0459436178207395,7.924896240234375,44.45532989501953,5.154753125680145e-06,1221.0013427734375,1756.5208740234375,0.0,0.0,10.10981273651123,1.034000039100647,1.279868721961975,291.4283752441406,75.46536254882812,0.0,50.0,1.735810160636902,0.0,186.5905303955078,0.0,0.0,1310.5,0.0,297.7526550292969,44.4554328918457,50.00236129760742,0.773556649684906,1292.4256591796875,297.7529602050781,271.3582763671875,8437363.0,3941.122802734375,17288.01171875,0.0439999997615814,0.0,2629.815185546875,4920.0,1.2802995443344116,-6.647843360900879,291.816162109375,0.1770437210798263,0.0,1,864.7843627929688,0.0,19.954090118408203,0.0,34535.83203125,37.06467056274414,74.5013198852539,-6.149999618530273,139.39886474609375,0.0010999999940395,0.0,0.0,0.0,77.82811737060547,0.0,291.4282531738281,0.0,-10.288476943969728,0.0,0.0,0.0999999940395355,0.9067617654800416,0.0,3.2788263979455223e-06,50.0,75.46536254882812,15.99571704864502,0.0,20.20743751525879,0.0,50.0,50.0,291.6215515136719,1517.9735107421875,50.66245651245117,0.0,74.5023193359375,Reactor Scram,294.68731689453125
20.003591537475582,1.0467547178268433,0.0,73.79832458496094,0.0,0.0,0.0,0.0,297.74676513671875,291.8144836425781,15.876371383666992,2.7099666595458984,0.0017532231286168,1.0455379486083984,0.0,798020.4375,13.5125093460083,336.2775573730469,0.0,1.0459436178207395,7.924896240234375,44.46295928955078,5.154753125680145e-06,1226.4580078125,1756.5233154296875,0.0,0.0,10.100948333740234,1.034000039100647,1.2788671255111694,291.4271240234375,75.456787109375,0.0,50.0,1.7359153032302856,0.0,186.7367553710937,0.0,0.0,1310.5,0.0,297.7464599609375,44.46306228637695,50.00233840942383,0.7735664248466492,1292.4176025390625,297.74676513671875,271.363037109375,8460017.0,3955.4677734375,17288.01171875,0.0439999997615814,0.0,2629.782470703125,4930.0,1.2793011665344238,-6.661184310913086,291.8145751953125,0.1778821051120758,0.0,1,866.1184692382812,0.0,19.93475914001465,0.0,34535.83203125,37.035770416259766,74.50132751464844,-6.149999618530273,139.4093780517578,0.0010999999940395,0.0,0.0,0.0,77.86861419677734,0.0,291.427001953125,0.0,-10.301702499389648,0.0,0.0,0.0999999940395355,0.9067617654800416,0.0,-6.942253207853355e-07,50.0,75.456787109375,16.00765609741211,0.0,20.18971061706543,0.0,50.0,50.0,291.6201171875,1517.7633056640625,50.62348937988281,0.0,74.5023193359375,Reactor Scram,294.6834716796875
19.98581886291504,1.0467547178268433,0.0,73.80426025390625,0.0,0.0,0.0,0.0,297.7406311035156,291.8129577636719,15.879831314086914,2.716665983200073,0.0017595482058823,1.0455379486083984,0.0,799870.6875,13.512523651123049,336.2835388183594,0.0,1.0459436178207395,7.924896240234375,44.47048568725586,5.154753125680145e-06,1231.9261474609375,1756.5257568359375,0.0,0.0,10.09229564666748,1.034000039100647,1.2778692245483398,291.4259338378906,75.44828033447266,0.0,50.0,1.736015558242798,0.0,186.8832092285156,0.0,0.0,1310.5,0.0,297.7403259277344,44.47058868408203,50.00231552124024,0.7735760807991028,1292.40966796875,297.7406311035156,271.36773681640625,8482670.0,3969.826171875,17288.01171875,0.0439999997615814,0.0,2629.75048828125,4940.0,1.278302788734436,-6.674509048461914,291.81304931640625,0.1787218153476715,0.0,1,867.4508666992188,0.0,19.91552925109864,0.0,34535.83203125,37.006866455078125,74.5013427734375,-6.149999618530273,139.41981506347656,0.0010999999940395,0.0,0.0,0.0,77.90911865234375,0.0,291.4258117675781,0.0,-10.31491756439209,0.0,0.0,0.0999999940395355,0.9067617654800416,0.0,2.61298441728286e-06,50.0,75.44828033447266,16.01950454711914,0.0,20.172826766967773,0.0,50.0,50.0,291.6187744140625,1517.5531005859375,50.58451843261719,0.0,74.5023193359375,Reactor Scram,294.6797180175781
19.96815299987793,1.0467547178268433,0.0,73.81009674072266,0.0,0.0,0.0,0.0,297.7344055175781,291.8113708496094,15.883305549621582,2.7234411239624023,0.0017659269506111,1.0455379486083984,0.0,801719.5,13.512539863586426,336.2894592285156,0.0,1.0459436178207395,7.924896240234375,44.47798156738281,5.154753125680145e-06,1237.4058837890625,1756.5281982421875,0.0,0.0,10.083431243896484,1.034000039100647,1.2768747806549072,291.4246826171875,75.43990325927734,0.0,50.0,1.7361209392547607,0.0,187.0298767089844,0.0,0.0,1310.5,0.0,297.7341003417969,44.47808456420898,50.00237274169922,0.7735859155654907,1292.401123046875,297.7344055175781,271.3724060058594,8505319.0,3984.306396484375,17288.01171875,0.0439999997615814,0.0,2629.71875,4950.0,1.2773044109344482,-6.6878156661987305,291.8114624023437,0.1795677244663238,0.0,1,868.7815551757812,0.0,19.90286064147949,0.0,34535.83203125,36.97796249389648,74.5013656616211,-6.149999618530273,139.43008422851562,0.0010999999940395,0.0,0.0,0.0,77.94976043701172,0.0,291.424560546875,0.0,-10.328107833862305,0.0,0.0,0.0999999940395355,0.9067617654800416,0.0,1.8994152242157725e-06,50.0,75.43990325927734,16.031187057495117,0.0,20.15509986877441,0.0,50.0,50.0,291.6173400878906,1517.343017578125,50.54099655151367,0.0,74.50233459472656,Reactor Scram,294.6759033203125
19.950368881225582,1.0467547178268433,0.0,73.8158950805664,0.0,0.0,0.0,0.0,297.7283020019531,291.8098449707031,15.88677978515625,2.730152368545532,0.0017722686752676,1.0455379486083984,0.0,803566.6875,13.512555122375488,336.2952880859375,0.0,1.0459436178207395,7.924896240234375,44.4853401184082,5.154753125680145e-06,1242.89697265625,1756.5306396484375,0.0,0.0,10.074989318847656,1.034000039100647,1.2758837938308716,291.4234924316406,75.43159484863281,0.0,50.0,1.7362210750579834,0.0,187.1757354736328,0.0,0.0,1310.5,0.0,297.7279968261719,44.48543930053711,50.00235366821289,0.7735954523086548,1292.3934326171875,297.7283020019531,271.37701416015625,8527967.0,3998.702392578125,17288.01171875,0.0439999997615814,0.0,2629.6875,4960.0,1.2763131856918335,-6.701105117797852,291.8099365234375,0.1804105937480926,0.0,1,870.1104736328125,0.0,19.88389778137207,0.0,34535.83203125,36.94926834106445,74.50137329101562,-6.149999618530273,139.44027709960938,0.0010999999940395,0.0,0.0,0.0,77.99043273925781,0.0,291.4233703613281,0.0,-10.341288566589355,0.0,0.0,0.0999999940395355,0.9067617654800416,0.0,-2.6842087663681014e-06,50.0,75.43159484863281,16.042774200439453,0.0,20.13821601867676,0.0,50.0,50.0,291.615966796875,1517.1328125,50.50213623046875,0.0,74.50233459472656,Reactor Scram,294.67218017578125
19.932540893554688,1.0467547178268433,0.0,73.8216323852539,0.0,0.0,0.0,0.0,297.7221374511719,291.8082275390625,15.890268325805664,2.7368667125701904,0.0017786164535209,1.0455379486083984,0.0,805412.375,13.51257038116455,336.30108642578125,0.0,1.0459436178207395,7.924896240234375,44.49273300170898,5.154753125680145e-06,1248.399658203125,1756.5330810546875,0.0,0.0,10.065914154052734,1.034000039100647,1.2748963832855225,291.4222412109375,75.42335510253906,0.0,50.0,1.7363263368606567,0.0,187.32179260253903,0.0,0.0,1310.5,0.0,297.7218322753906,44.49283218383789,50.00233459472656,0.773605227470398,1292.3851318359375,297.7221374511719,271.3815612792969,8550613.0,4013.111328125,17288.01171875,0.0439999997615814,0.0,2629.65625,4970.0,1.2753219604492188,-6.714377880096436,291.808349609375,0.1812547743320465,0.0,1,871.4378051757812,0.0,19.865034103393555,0.0,34535.83203125,36.92057037353516,74.50138092041016,-6.149999618530273,139.4503631591797,0.0010999999940395,0.0,0.0,0.0,78.03126525878906,0.0,291.422119140625,0.0,-10.354446411132812,0.0,0.0,0.0999999940395355,0.9067617654800416,0.0,-1.2750311952913762e-06,50.0,75.42335510253906,16.054262161254883,0.0,20.1204891204834,0.0,50.0,50.0,291.61456298828125,1516.922607421875,50.46326446533203,0.0,74.50233459472656,Reactor Scram,294.6683959960937
19.914535522460938,1.0467547178268433,0.0,73.82728576660156,0.0,0.0,0.0,0.0,297.7160339355469,291.80670166015625,15.893757820129396,2.7435991764068604,0.0017849799478426,1.0455379486083984,0.0,807256.4375,13.51258659362793,336.3067932128906,0.0,1.0459436178207395,7.924896240234375,44.4999885559082,5.154753125680145e-06,1253.9134521484375,1756.5355224609375,0.0,0.0,10.057473182678224,1.034000039100647,1.2739123106002808,291.4210510253906,75.41523742675781,0.0,50.0,1.7364264726638794,0.0,187.46810913085932,0.0,0.0,1310.5,0.0,297.7157287597656,44.50008773803711,50.0023307800293,0.773614764213562,1292.3770751953125,297.7160339355469,271.38604736328125,8573256.0,4027.5576171875,17288.01171875,0.0439999997615814,0.0,2629.625732421875,4980.0,1.2743306159973145,-6.727632522583008,291.80682373046875,0.1821013838052749,0.0,1,872.7632446289062,0.0,19.852245330810547,0.0,34535.83203125,36.89187240600586,74.50139617919922,-6.149999618530273,139.4603271484375,0.0010999999940395,0.0,0.0,0.0,78.07211303710938,0.0,291.4209289550781,0.0,-10.36759090423584,0.0,0.0,0.0999999940395355,0.9067617654800416,0.0,4.545711362879956e-06,50.0,75.41523742675781,16.065570831298828,0.0,20.10360717773437,0.0,50.0,50.0,291.6131896972656,1516.7125244140625,50.4188346862793,0.0,74.5023422241211,Reactor Scram,294.6646423339844
19.897611618041992,1.0467547178268433,0.0,73.83291625976562,0.0,0.0,0.0,0.0,297.7099304199219,291.8051452636719,15.897257804870604,2.7503767013549805,0.0017913770861923,1.0455379486083984,0.0,809098.9375,13.512601852416992,336.3125,0.0,1.0459436178207395,7.924896240234375,44.50724411010742,5.154753125680145e-06,1259.4390869140625,1756.5379638671875,0.0,0.0,10.04860782623291,1.034000039100647,1.272931694984436,291.4198303222656,75.40717315673828,0.0,50.0,1.7365293502807615,0.0,187.6135711669922,0.0,0.0,1310.5,0.0,297.7096252441406,44.5073471069336,50.00238037109375,0.7736244201660156,1292.3690185546875,297.7099304199219,271.3905334472656,8595898.0,4042.078857421875,17288.01171875,0.0439999997615814,0.0,2629.594970703125,4990.0,1.2733464241027832,-6.740870952606201,291.8052673339844,0.1829520761966705,0.0,1,874.0870971679688,0.0,19.83408546447754,0.0,34535.83203125,36.863380432128906,74.50141143798828,-6.149999618530273,139.47021484375,0.0010999999940395,0.0,0.0,0.0,78.11306762695312,0.0,291.4197082519531,0.0,-10.380717277526855,0.0,0.0,0.0999999940395355,0.9067617654800416,0.0,-5.054333769294317e-07,50.0,75.40717315673828,16.076807022094727,0.0,20.085878372192383,0.0,50.0,50.0,291.61181640625,1516.5023193359375,50.38093948364258,0.0,74.5023422241211,Reactor Scram,294.6609191894531
19.879886627197266,1.0467547178268433,0.0,73.83846282958984,0.0,0.0,0.0,0.0,297.7038269042969,291.8035583496094,15.900762557983398,2.757106065750122,0.0017977467505261,1.0455379486083984,0.0,810939.875,13.512617111206056,336.3180847167969,0.0,1.0459436178207395,7.924896240234375,44.51443099975586,5.154753125680145e-06,1264.9759521484375,1756.5404052734375,0.0,0.0,10.03974437713623,1.034000039100647,1.2719545364379885,291.4186096191406,75.39921569824219,0.0,50.0,1.7366344928741455,0.0,187.7582092285156,0.0,0.0,1310.5,0.0,297.7035217285156,44.51453399658203,50.00236511230469,0.7736340165138245,1292.36083984375,297.7038269042969,271.3949584960937,8618538.0,4056.538330078125,17288.01171875,0.0439999997615814,0.0,2629.565185546875,5000.0,1.272369384765625,-6.754092693328857,291.8036499023437,0.1838007420301437,0.0,1,875.4092407226562,0.0,19.81558609008789,0.0,34535.83203125,36.8350944519043,74.50141906738281,-6.149999618530273,139.47998046875,0.0010999999940395,0.0,0.0,0.0,78.15410614013672,0.0,291.4184875488281,0.0,-10.393823623657228,0.0,0.0,0.0999999940395355,0.9067617654800416,0.0,-3.283106707385741e-06,50.0,75.39921569824219,16.087919235229492,0.0,20.068151473999023,0.0,50.0,50.0,291.6103820800781,1516.2921142578125,50.3421745300293,0.0,74.5023422241211,Reactor Scram,294.6571350097656
19.86224937438965,1.0467547178268433,0.0,73.84396362304688,0.0,0.0,0.0,0.0,297.6977233886719,291.8020324707031,15.904273986816406,2.7638368606567383,0.0018041223520413,1.0455379486083984,0.0,812779.3125,13.512632369995115,336.3236694335937,0.0,1.0459436178207395,7.924896240234375,44.52151870727539,5.154753125680145e-06,1270.5242919921875,1756.5428466796875,0.0,0.0,10.031302452087402,1.034000039100647,1.270980715751648,291.4173889160156,75.39132690429688,0.0,50.0,1.7367347478866575,0.0,187.90516662597656,0.0,0.0,1310.5,0.0,297.6974182128906,44.52162170410156,50.002349853515625,0.7736436724662781,1292.3529052734375,297.6977233886719,271.3993225097656,8641177.0,4071.010986328125,17288.01171875,0.0439999997615814,0.0,2629.53515625,5010.0,1.2713781595230105,-6.767296314239502,291.8021240234375,0.1846506744623184,0.0,1,876.7296142578125,0.0,19.79718017578125,0.0,34535.83203125,36.806396484375,74.50142669677734,-6.149999618530273,139.48965454101562,0.0010999999940395,0.0,0.0,0.0,78.1952133178711,0.0,291.4172668457031,0.0,-10.406917572021484,0.0,0.0,0.0999999940395355,0.9067617654800416,0.0,-2.07069479074562e-06,50.0,75.39132690429688,16.098918914794922,0.0,20.05126953125,0.0,50.0,50.0,291.6090393066406,1516.08203125,50.30340194702149,0.0,74.5023422241211,Reactor Scram,294.65338134765625
19.84416007995605,1.0467547178268433,0.0,73.84941101074219,0.0,0.0,0.0,0.0,297.6916809082031,291.8005065917969,15.907793998718262,2.770570516586304,0.0018105029594153,1.0455379486083984,0.0,814617.0625,13.512648582458496,336.32916259765625,0.0,1.0459436178207395,7.924896240234375,44.52853775024414,5.154753125680145e-06,1276.0843505859375,1756.5452880859375,0.0,0.0,10.022860527038574,1.034000039100647,1.270010232925415,291.41619873046875,75.38350677490234,0.0,50.0,1.7368348836898804,0.0,188.05026245117188,0.0,0.0,1310.5,0.0,297.6913757324219,44.52864074707031,50.002349853515625,0.7736531496047974,1292.344970703125,297.6916809082031,271.40362548828125,8663813.0,4085.49609375,17288.01171875,0.0439999997615814,0.0,2629.505615234375,5020.0,1.2704010009765625,-6.780484199523926,291.80059814453125,0.1855019032955169,0.0,1,878.0484008789062,0.0,19.77886009216309,0.0,34535.83203125,36.77811050415039,74.5014419555664,-6.149999618530273,139.49923706054688,0.0010999999940395,0.0,0.0,0.0,78.23641967773438,0.0,291.41607666015625,0.0,-10.419995307922363,0.0,0.0,0.0999999940395355,0.9067617654800416,0.0,1.7012906710078823e-06,50.0,75.38350677490234,16.10979652404785,0.0,20.034385681152344,0.0,50.0,50.0,291.607666015625,1515.871826171875,50.264625549316406,0.0,74.5023422241211,Reactor Scram,294.64971923828125
19.826475143432617,1.0467547178268433,0.0,73.85476684570312,0.0,0.0,0.0,0.0,297.68572998046875,291.7989807128906,15.91131591796875,2.777383804321289,0.0018169400282204,1.0455379486083984,0.0,816453.4375,13.51266384124756,336.3345642089844,0.0,1.0459436178207395,7.924896240234375,44.535457611083984,5.154753125680145e-06,1281.655517578125,1756.5477294921875,0.0,0.0,10.01420783996582,1.034000039100647,1.2690433263778689,291.4150085449219,75.37581634521484,0.0,50.0,1.736935257911682,0.0,188.19346618652344,0.0,0.0,1310.5,0.0,297.6854248046875,44.53559112548828,50.00234222412109,0.7736625075340271,1292.337158203125,297.68572998046875,271.40789794921875,8686448.0,4100.1083984375,17288.01171875,0.0439999997615814,0.0,2629.476318359375,5030.0,1.2694380283355713,-6.79365348815918,291.79913330078125,0.186359629034996,0.0,1,879.3653564453125,0.0,19.767162322998047,0.0,34535.83203125,36.7502326965332,74.50146484375,-6.149999618530273,139.5086669921875,0.0010999999940395,0.0,0.0,0.0,78.27765655517578,0.0,291.41485595703125,0.0,-10.433055877685549,0.0,0.0,0.0999999940395355,0.9067617654800416,0.0,3.169110868839198e-06,50.0,75.37581634521484,16.120519638061523,0.0,20.01750373840332,0.0,50.0,50.0,291.6063232421875,1515.66162109375,50.22127914428711,0.0,74.50234985351562,Reactor Scram,294.64605712890625
19.80953788757324,1.0467547178268433,0.0,73.86009979248047,0.0,0.0,0.0,0.0,297.67974853515625,291.7974548339844,15.914852142333984,2.784185647964477,0.0018233736045658,1.0455379486083984,0.0,818288.0625,13.51267910003662,336.3399658203125,0.0,1.0459436178207395,7.924896240234375,44.54237365722656,5.154753125680145e-06,1287.2381591796875,1756.5501708984375,0.0,0.0,10.005764961242676,1.034000039100647,1.2680795192718506,291.413818359375,75.36817169189453,0.0,50.0,1.7370353937149048,0.0,188.33688354492188,0.0,0.0,1310.5,0.0,297.679443359375,44.54250717163086,50.00239944458008,0.7736719250679016,1292.3292236328125,297.67974853515625,271.4121398925781,8709080.0,4114.71240234375,17288.01171875,0.0439999997615814,0.0,2629.447509765625,5040.0,1.26847505569458,-6.806807041168213,291.797607421875,0.1872177273035049,0.0,1,880.6806640625,0.0,19.749555587768555,0.0,34535.83203125,36.72235107421875,74.50148010253906,-6.149999618530273,139.51805114746094,0.0010999999940395,0.0,0.0,0.0,78.31903076171875,0.0,291.4136962890625,0.0,-10.446099281311035,0.0,0.0,0.0999999940395355,0.9067617654800416,0.0,2.483490334270755e-06,50.0,75.36817169189453,16.13115882873535,0.0,20.000619888305664,0.0,50.0,50.0,291.6049499511719,1515.4515380859375,50.18356323242188,0.0,74.50235748291016,Reactor Scram,294.64239501953125
19.791643142700195,1.0467547178268433,0.0,73.86534881591797,0.0,0.0,0.0,0.0,297.6737976074219,291.7959289550781,15.918386459350586,2.7909443378448486,0.0018297829665243,1.0455379486083984,0.0,820121.3125,13.5126953125,336.3452453613281,0.0,1.0459436178207395,7.924896240234375,44.54919052124024,5.154753125680145e-06,1292.832275390625,1756.5526123046875,0.0,0.0,9.997113227844238,1.034000039100647,1.26711905002594,291.4126281738281,75.36062622070312,0.0,50.0,1.737135648727417,0.0,188.48048400878903,0.0,0.0,1310.5,0.0,297.6734924316406,44.54932403564453,50.00240707397461,0.7736814022064209,1292.3214111328125,297.6737976074219,271.41632080078125,8731710.0,4129.2626953125,17288.01171875,0.0439999997615814,0.0,2629.4189453125,5050.0,1.2675122022628784,-6.819943904876709,291.79608154296875,0.1880741119384765,0.0,1,881.994384765625,0.0,19.73166847229004,0.0,34535.83203125,36.69447708129883,74.5014877319336,-6.149999618530273,139.5272979736328,0.0010999999940395,0.0,0.0,0.0,78.36041259765625,0.0,291.4125061035156,0.0,-10.459126472473145,0.0,0.0,0.0999999940395355,0.9067617654800416,0.0,-9.277756589654018e-07,50.0,75.36062622070312,16.14171028137207,0.0,19.983736038208008,0.0,50.0,50.0,291.6036071777344,1515.2413330078125,50.14507293701172,0.0,74.50235748291016,Reactor Scram,294.63873291015625
19.774253845214844,1.0467547178268433,0.0,73.87055969238281,0.0,0.0,0.0,0.0,297.6678466796875,291.7944030761719,15.921935081481934,2.79770565032959,0.0018361986149102,1.0455379486083984,0.0,821952.9375,13.512709617614746,336.3505554199219,0.0,1.0459436178207395,7.924896240234375,44.55600357055664,5.154753125680145e-06,1298.437744140625,1756.5550537109375,0.0,0.0,9.98867130279541,1.034000039100647,1.2661619186401367,291.41143798828125,75.3531494140625,0.0,50.0,1.7372357845306396,0.0,188.623291015625,0.0,0.0,1310.5,0.0,297.66754150390625,44.5561408996582,50.00239562988281,0.7736907005310059,1292.3133544921875,297.6678466796875,271.4204406738281,8754339.0,4143.8251953125,17288.01171875,0.0439999997615814,0.0,2629.390625,5060.0,1.2665562629699707,-6.833062648773193,291.7945556640625,0.1889317482709884,0.0,1,883.3062744140625,0.0,19.713871002197266,0.0,34535.83203125,36.666805267333984,74.50149536132812,-6.149999618530273,139.53646850585938,0.0010999999940395,0.0,0.0,0.0,78.40196228027344,0.0,291.41131591796875,0.0,-10.472135543823242,0.0,0.0,0.0999999940395355,0.9067617654800416,0.0,3.505751465127105e-06,50.0,75.3531494140625,16.1521053314209,0.0,19.96685218811035,0.0,50.0,50.0,291.60223388671875,1515.0311279296875,50.1065788269043,0.0,74.50235748291016,Reactor Scram,294.63507080078125
19.75674819946289,1.0467547178268433,0.0,73.87571716308594,0.0,0.0,0.0,0.0,297.66192626953125,291.7929077148437,15.925484657287598,2.80452561378479,0.0018426557071506,1.0455379486083984,0.0,823783.0,13.512724876403809,336.3557434082031,0.0,1.0459436178207395,7.924896240234375,44.56271743774414,5.154753125680145e-06,1304.0543212890625,1756.5574951171875,0.0,0.0,9.980229377746582,1.034000039100647,1.265208125114441,291.41021728515625,75.34574127197266,0.0,50.0,1.7373359203338623,0.0,188.76626586914065,0.0,0.0,1310.5,0.0,297.66162109375,44.56282043457031,50.00239562988281,0.7737000584602356,1292.3057861328125,297.66192626953125,271.424560546875,8776965.0,4158.48388671875,17288.01171875,0.0439999997615814,0.0,2629.362548828125,5070.0,1.2656004428863523,-6.846166133880615,291.79302978515625,0.1897944808006286,0.0,1,884.6165771484375,0.0,19.69663047790528,0.0,34535.83203125,36.63913345336914,74.50151824951172,-6.149999618530273,139.54556274414062,0.0010999999940395,0.0,0.0,0.0,78.44352722167969,0.0,291.4101257324219,0.0,-10.485129356384276,0.0,0.0,0.0999999940395355,0.9067617654800416,0.0,-2.6465070277481573e-06,50.0,75.34574127197266,16.162429809570312,0.0,19.949970245361328,0.0,50.0,50.0,291.60089111328125,1514.821044921875,50.06900787353516,0.0,74.50236511230469,Reactor Scram,294.63140869140625
19.73955726623535,1.0467547178268433,0.0,73.88081359863281,0.0,0.0,0.0,0.0,297.656005859375,291.7913818359375,15.92904567718506,2.811298131942749,0.001849086722359,1.0455379486083984,0.0,825611.5,13.512740135192873,336.36090087890625,0.0,1.0459436178207395,7.924896240234375,44.56939697265625,5.154753125680145e-06,1309.6824951171875,1756.5599365234375,0.0,0.0,9.971576690673828,1.034000039100647,1.264257311820984,291.4090270996094,75.33843231201172,0.0,50.0,1.737436294555664,0.0,188.90841674804688,0.0,0.0,1310.5,0.0,297.6557006835937,44.56949996948242,50.00238800048828,0.7737093567848206,1292.2978515625,297.656005859375,271.4286193847656,8799589.0,4173.08203125,17288.01171875,0.0439999997615814,0.0,2629.334716796875,5080.0,1.264651656150818,-6.859252452850342,291.79150390625,0.1906551867723465,0.0,1,885.9252319335938,0.0,19.67906379699707,0.0,34535.83203125,36.611663818359375,74.50152587890625,-6.149999618530273,139.5545196533203,0.0010999999940395,0.0,0.0,0.0,78.48521423339844,0.0,291.408935546875,0.0,-10.498106956481934,0.0,0.0,0.0999999940395355,0.9067617654800416,0.0,-6.678700970041973e-07,50.0,75.33843231201172,16.17259979248047,0.0,19.933086395263672,0.0,50.0,50.0,291.5995483398437,1514.61083984375,50.03062438964844,0.0,74.50236511230469,Reactor Scram,294.6278381347656
